shape_id,shape_pt_lat,shape_pt_lon,shape_pt_sequence,shape_dist_traveled
0273a212-8215-49f8-b8cf-17f7fdc7c2d8,43.6057800,-72.9820500,1,0.0000000
0273a212-8215-49f8-b8cf-17f7fdc7c2d8,43.6057800,-72.9820500,2,0.0000000
0273a212-8215-49f8-b8cf-17f7fdc7c2d8,43.6057800,-72.9820500,3,0.0000000
0273a212-8215-49f8-b8cf-17f7fdc7c2d8,43.6057800,-72.9820500,4,0.0000000
0273a212-8215-49f8-b8cf-17f7fdc7c2d8,43.6075500,-72.9845400,5,281.2214477
0273a212-8215-49f8-b8cf-17f7fdc7c2d8,43.6035700,-73.0062500,6,2088.9113053
0273a212-8215-49f8-b8cf-17f7fdc7c2d8,43.6024000,-73.0151800,7,2821.5360452
0273a212-8215-49f8-b8cf-17f7fdc7c2d8,43.5964300,-73.0209400,8,3631.6359453
0273a212-8215-49f8-b8cf-17f7fdc7c2d8,43.5932000,-73.0321800,9,4607.6369271
0273a212-8215-49f8-b8cf-17f7fdc7c2d8,43.5933800,-73.0374300,10,5032.0566144
0273a212-8215-49f8-b8cf-17f7fdc7c2d8,43.6056300,-73.0653100,11,7662.6479858
0273a212-8215-49f8-b8cf-17f7fdc7c2d8,43.6061300,-73.0793900,12,8800.7563583
0273a212-8215-49f8-b8cf-17f7fdc7c2d8,43.6115300,-73.0960400,13,10272.7501924
0273a212-8215-49f8-b8cf-17f7fdc7c2d8,43.6147000,-73.1210200,14,12319.8004162
0273a212-8215-49f8-b8cf-17f7fdc7c2d8,43.6158400,-73.1304100,15,13088.2956556
0273a212-8215-49f8-b8cf-17f7fdc7c2d8,43.6135200,-73.1542800,16,15032.3286105
0273a212-8215-49f8-b8cf-17f7fdc7c2d8,43.6147600,-73.1666200,17,16037.9467403
0273a212-8215-49f8-b8cf-17f7fdc7c2d8,43.6135900,-73.1714700,18,16450.4751326
0273a212-8215-49f8-b8cf-17f7fdc7c2d8,43.6061300,-73.2029900,19,19126.6658327
0273a212-8215-49f8-b8cf-17f7fdc7c2d8,43.5997200,-73.2485700,20,22875.0348197
0273a212-8215-49f8-b8cf-17f7fdc7c2d8,43.5934800,-73.2568500,21,23838.1888941
0273a212-8215-49f8-b8cf-17f7fdc7c2d8,43.5714400,-73.3276200,22,30056.4848170
0273a212-8215-49f8-b8cf-17f7fdc7c2d8,43.5480500,-73.3928500,23,35932.7275580
0273a212-8215-49f8-b8cf-17f7fdc7c2d8,43.4066700,-73.4855400,24,53338.6948024
0273a212-8215-49f8-b8cf-17f7fdc7c2d8,43.3496500,-73.4997900,25,59778.0188727
0273a212-8215-49f8-b8cf-17f7fdc7c2d8,43.3180600,-73.5289700,26,64010.9279023
0273a212-8215-49f8-b8cf-17f7fdc7c2d8,43.2698100,-73.5802300,27,70796.1317954
0273a212-8215-49f8-b8cf-17f7fdc7c2d8,43.0825200,-73.8105100,28,98787.3537422
0273a212-8215-49f8-b8cf-17f7fdc7c2d8,42.8144700,-73.9425600,29,130455.4633848
0273a212-8215-49f8-b8cf-17f7fdc7c2d8,42.6416900,-73.7414300,30,155748.5268197
0273a212-8215-49f8-b8cf-17f7fdc7c2d8,42.5237400,-73.7375400,31,168854.8475024
0273a212-8215-49f8-b8cf-17f7fdc7c2d8,42.2823900,-73.7718600,32,195812.7475985
0273a212-8215-49f8-b8cf-17f7fdc7c2d8,42.2540500,-73.7980900,33,199632.7850859
0273a212-8215-49f8-b8cf-17f7fdc7c2d8,42.1175800,-73.8913400,34,216636.4923483
0273a212-8215-49f8-b8cf-17f7fdc7c2d8,41.9615300,-73.9078200,35,234023.2259969
0273a212-8215-49f8-b8cf-17f7fdc7c2d8,41.9214100,-73.9517300,36,239777.9610867
0273a212-8215-49f8-b8cf-17f7fdc7c2d8,41.8726300,-73.9037000,37,246504.1336274
0273a212-8215-49f8-b8cf-17f7fdc7c2d8,41.7784800,-73.9160600,38,257011.6571626
0273a212-8215-49f8-b8cf-17f7fdc7c2d8,41.7062400,-73.9379500,39,265239.2568842
0273a212-8215-49f8-b8cf-17f7fdc7c2d8,41.5856600,-73.8913400,40,279183.2081677
0273a212-8215-49f8-b8cf-17f7fdc7c2d8,41.1901000,-73.8830000,41,323120.1984094
0273a212-8215-49f8-b8cf-17f7fdc7c2d8,41.1197100,-73.8419000,42,331664.8780976
0273a212-8215-49f8-b8cf-17f7fdc7c2d8,40.9964800,-73.8679800,43,345524.6761356
0273a212-8215-49f8-b8cf-17f7fdc7c2d8,40.9361600,-73.9030600,44,352845.4009123
0273a212-8215-49f8-b8cf-17f7fdc7c2d8,40.8605600,-73.9174100,45,361327.5597775
0273a212-8215-49f8-b8cf-17f7fdc7c2d8,40.7497100,-73.9918200,46,375146.3295873
0273a212-8215-49f8-b8cf-17f7fdc7c2d8,40.7497100,-73.9918200,47,375146.3295873
07705d63-d7b1-4f72-bcd9-172f46cf0767,40.7497200,-73.9918100,1,0.0000000
07705d63-d7b1-4f72-bcd9-172f46cf0767,40.8605600,-73.9174000,2,13817.7803681
07705d63-d7b1-4f72-bcd9-172f46cf0767,40.9361600,-73.9030400,3,22300.0593991
07705d63-d7b1-4f72-bcd9-172f46cf0767,40.9964800,-73.8679700,4,29620.4446672
07705d63-d7b1-4f72-bcd9-172f46cf0767,41.1197100,-73.8418800,5,43480.3756965
07705d63-d7b1-4f72-bcd9-172f46cf0767,41.1901000,-73.8829800,6,52025.0553846
07705d63-d7b1-4f72-bcd9-172f46cf0767,41.5856600,-73.8913300,7,95962.0589131
07705d63-d7b1-4f72-bcd9-172f46cf0767,41.7062400,-73.9379400,8,109906.0101967
07705d63-d7b1-4f72-bcd9-172f46cf0767,41.7784800,-73.9160500,9,118133.6099183
07705d63-d7b1-4f72-bcd9-172f46cf0767,41.8726300,-73.9036900,10,128641.1334534
07705d63-d7b1-4f72-bcd9-172f46cf0767,41.9214100,-73.9517200,11,135367.3059941
07705d63-d7b1-4f72-bcd9-172f46cf0767,41.9615300,-73.9078100,12,141122.0410840
07705d63-d7b1-4f72-bcd9-172f46cf0767,42.1175800,-73.8913300,13,158508.7747325
07705d63-d7b1-4f72-bcd9-172f46cf0767,42.2540500,-73.7980800,14,175512.4819949
07705d63-d7b1-4f72-bcd9-172f46cf0767,42.2823900,-73.7718500,15,179332.5194823
07705d63-d7b1-4f72-bcd9-172f46cf0767,42.5237400,-73.7375200,16,206290.5058751
07705d63-d7b1-4f72-bcd9-172f46cf0767,42.6416900,-73.7414100,17,219396.8265578
07705d63-d7b1-4f72-bcd9-172f46cf0767,42.8144700,-73.9425500,18,244690.4233814
07705d63-d7b1-4f72-bcd9-172f46cf0767,43.0825200,-73.8104900,19,276358.8107422
07705d63-d7b1-4f72-bcd9-172f46cf0767,43.2698100,-73.5802200,20,304349.4888257
07705d63-d7b1-4f72-bcd9-172f46cf0767,43.3180600,-73.5289600,21,311134.6927188
07705d63-d7b1-4f72-bcd9-172f46cf0767,43.3496500,-73.4997800,22,315367.6017483
07705d63-d7b1-4f72-bcd9-172f46cf0767,43.4066700,-73.4855300,23,321806.9258186
07705d63-d7b1-4f72-bcd9-172f46cf0767,43.5480500,-73.3928300,24,339213.2416603
07705d63-d7b1-4f72-bcd9-172f46cf0767,43.5714400,-73.3276000,25,345089.4844013
07705d63-d7b1-4f72-bcd9-172f46cf0767,43.5934800,-73.2568400,26,351307.0379279
07705d63-d7b1-4f72-bcd9-172f46cf0767,43.5997200,-73.2485600,27,352270.1920022
07705d63-d7b1-4f72-bcd9-172f46cf0767,43.6061300,-73.2029800,28,356018.5609893
07705d63-d7b1-4f72-bcd9-172f46cf0767,43.6135900,-73.1714600,29,358694.7516894
07705d63-d7b1-4f72-bcd9-172f46cf0767,43.6147600,-73.1666000,30,359108.0462759
07705d63-d7b1-4f72-bcd9-172f46cf0767,43.6135200,-73.1542700,31,360112.8647816
07705d63-d7b1-4f72-bcd9-172f46cf0767,43.6158400,-73.1304000,32,362056.8977365
07705d63-d7b1-4f72-bcd9-172f46cf0767,43.6147000,-73.1210100,33,362825.3929759
07705d63-d7b1-4f72-bcd9-172f46cf0767,43.6115300,-73.0960300,34,364872.4431997
07705d63-d7b1-4f72-bcd9-172f46cf0767,43.6061300,-73.0793800,35,366344.4370338
07705d63-d7b1-4f72-bcd9-172f46cf0767,43.6056300,-73.0652900,36,367483.3517968
07705d63-d7b1-4f72-bcd9-172f46cf0767,43.5933800,-73.0374300,37,370112.5613677
07705d63-d7b1-4f72-bcd9-172f46cf0767,43.5932000,-73.0321600,38,370538.5943088
07705d63-d7b1-4f72-bcd9-172f46cf0767,43.5964300,-73.0209200,39,371514.5952906
07705d63-d7b1-4f72-bcd9-172f46cf0767,43.6024000,-73.0151700,40,372324.2319039
07705d63-d7b1-4f72-bcd9-172f46cf0767,43.6035700,-73.0062300,41,373057.6512375
07705d63-d7b1-4f72-bcd9-172f46cf0767,43.6075500,-72.9845200,42,374865.3410952
07705d63-d7b1-4f72-bcd9-172f46cf0767,43.6057800,-72.9820400,43,375145.9859914
07705d63-d7b1-4f72-bcd9-172f46cf0767,43.6057800,-72.9820400,44,375145.9859914
07705d63-d7b1-4f72-bcd9-172f46cf0767,43.6057800,-72.9820400,45,375145.9859914
07705d63-d7b1-4f72-bcd9-172f46cf0767,43.6057800,-72.9820400,46,375145.9859914
0b90d0bb-8d15-48d1-a558-f76f00efabf4,43.1130800,-79.0315300,1,0.0000000
0b90d0bb-8d15-48d1-a558-f76f00efabf4,43.0939600,-78.9848300,2,4354.7473999
0b90d0bb-8d15-48d1-a558-f76f00efabf4,43.0879500,-78.9381400,3,8214.4628955
0b90d0bb-8d15-48d1-a558-f76f00efabf4,43.0458100,-78.8639800,4,15856.7326305
0b90d0bb-8d15-48d1-a558-f76f00efabf4,42.9825500,-78.9202900,5,24250.8980383
0b90d0bb-8d15-48d1-a558-f76f00efabf4,42.8782100,-78.8733700,6,36458.6090600
0b90d0bb-8d15-48d1-a558-f76f00efabf4,42.9073400,-78.7268500,7,48856.5280691
0b90d0bb-8d15-48d1-a558-f76f00efabf4,43.1636800,-77.6084800,8,144341.5296076
0b90d0bb-8d15-48d1-a558-f76f00efabf4,43.0809300,-77.5003100,9,157069.5385066
0b90d0bb-8d15-48d1-a558-f76f00efabf4,42.9644600,-77.3162800,10,176879.4284582
0b90d0bb-8d15-48d1-a558-f76f00efabf4,42.9745100,-76.8054200,11,218570.9429341
0b90d0bb-8d15-48d1-a558-f76f00efabf4,43.1090000,-76.4016700,12,254704.4425463
0b90d0bb-8d15-48d1-a558-f76f00efabf4,43.0528300,-76.1956800,13,272602.0835270
0b90d0bb-8d15-48d1-a558-f76f00efabf4,43.0768700,-76.1702300,14,275982.9275396
0b90d0bb-8d15-48d1-a558-f76f00efabf4,43.0836800,-76.1596300,15,277130.7513931
0b90d0bb-8d15-48d1-a558-f76f00efabf4,43.0871900,-76.1246100,16,280008.8941739
0b90d0bb-8d15-48d1-a558-f76f00efabf4,43.0608600,-76.0707100,17,285283.9694447
0b90d0bb-8d15-48d1-a558-f76f00efabf4,43.0811800,-75.9261700,18,297270.8015120
0b90d0bb-8d15-48d1-a558-f76f00efabf4,43.0786700,-75.7370000,19,312678.4183609
0b90d0bb-8d15-48d1-a558-f76f00efabf4,43.0942100,-75.6961400,20,316426.7523071
0b90d0bb-8d15-48d1-a558-f76f00efabf4,43.1162700,-75.6192400,21,323149.1865851
0b90d0bb-8d15-48d1-a558-f76f00efabf4,43.1658700,-75.5512600,22,330956.2185366
0b90d0bb-8d15-48d1-a558-f76f00efabf4,43.2009200,-75.4747000,23,338298.0873041
0b90d0bb-8d15-48d1-a558-f76f00efabf4,43.1998300,-75.4496800,24,340335.2027418
0b90d0bb-8d15-48d1-a558-f76f00efabf4,43.1886600,-75.3885300,25,345458.2648720
0b90d0bb-8d15-48d1-a558-f76f00efabf4,43.1628700,-75.3305100,26,350977.6849111
0b90d0bb-8d15-48d1-a558-f76f00efabf4,43.1177800,-75.2882800,27,357051.9400219
0b90d0bb-8d15-48d1-a558-f76f00efabf4,43.1048900,-75.2230500,28,362550.9733393
0b90d0bb-8d15-48d1-a558-f76f00efabf4,43.0857000,-75.1499600,29,368871.9530583
0b90d0bb-8d15-48d1-a558-f76f00efabf4,43.0698600,-75.1055600,30,372893.2741360
0b90d0bb-8d15-48d1-a558-f76f00efabf4,43.0666300,-75.0976900,31,373627.8925269
0b90d0bb-8d15-48d1-a558-f76f00efabf4,43.0632800,-75.0910000,32,374287.7863714
0b90d0bb-8d15-48d1-a558-f76f00efabf4,43.0480100,-75.0674700,33,376847.5499694
0b90d0bb-8d15-48d1-a558-f76f00efabf4,43.0445800,-75.0620400,34,377431.4580418
0b90d0bb-8d15-48d1-a558-f76f00efabf4,43.0358100,-75.0530000,35,378652.8891951
0b90d0bb-8d15-48d1-a558-f76f00efabf4,43.0295400,-75.0464600,36,379529.9715407
0b90d0bb-8d15-48d1-a558-f76f00efabf4,43.0164400,-75.0139700,37,382551.7814453
0b90d0bb-8d15-48d1-a558-f76f00efabf4,43.0227100,-74.9683100,38,386338.3776120
0b90d0bb-8d15-48d1-a558-f76f00efabf4,43.0272300,-74.9583500,39,387292.9435799
0b90d0bb-8d15-48d1-a558-f76f00efabf4,43.0227100,-74.9147500,40,390881.9905094
0b90d0bb-8d15-48d1-a558-f76f00efabf4,43.0262300,-74.8491800,41,396240.7964492
0b90d0bb-8d15-48d1-a558-f76f00efabf4,43.0302400,-74.8079800,42,399628.1669074
0b90d0bb-8d15-48d1-a558-f76f00efabf4,43.0046500,-74.7317600,43,406460.9509319
0b90d0bb-8d15-48d1-a558-f76f00efabf4,42.9936000,-74.6541600,44,412906.5951578
0b90d0bb-8d15-48d1-a558-f76f00efabf4,42.9328000,-74.5889400,45,421505.3044141
0b90d0bb-8d15-48d1-a558-f76f00efabf4,42.9116800,-74.4989800,46,429215.6239103
0b90d0bb-8d15-48d1-a558-f76f00efabf4,42.9463600,-74.4248200,47,436391.5713178
0b90d0bb-8d15-48d1-a558-f76f00efabf4,42.9554200,-74.3623400,48,441588.6979431
0b90d0bb-8d15-48d1-a558-f76f00efabf4,42.9564100,-74.2689500,49,449210.0440957
0b90d0bb-8d15-48d1-a558-f76f00efabf4,42.9535400,-74.2196800,50,453243.1221423
0b90d0bb-8d15-48d1-a558-f76f00efabf4,42.9296600,-74.1767800,51,457636.0297164
0b90d0bb-8d15-48d1-a558-f76f00efabf4,42.9236200,-74.1462200,52,460219.5405698
0b90d0bb-8d15-48d1-a558-f76f00efabf4,42.8862800,-74.0494100,53,469147.8112936
0b90d0bb-8d15-48d1-a558-f76f00efabf4,42.8144700,-73.9425000,54,480980.0783084
0b90d0bb-8d15-48d1-a558-f76f00efabf4,42.7431000,-73.8665900,55,491052.1847685
0b90d0bb-8d15-48d1-a558-f76f00efabf4,42.6652700,-73.7484800,56,504028.8341538
0b90d0bb-8d15-48d1-a558-f76f00efabf4,42.6555500,-73.7459100,57,505128.9588789
0b90d0bb-8d15-48d1-a558-f76f00efabf4,42.6525200,-73.7373300,58,505908.8647378
0b90d0bb-8d15-48d1-a558-f76f00efabf4,42.6416900,-73.7413800,59,507156.9271783
0b90d0bb-8d15-48d1-a558-f76f00efabf4,42.4660200,-73.7155300,60,526786.2080167
0b90d0bb-8d15-48d1-a558-f76f00efabf4,42.2540500,-73.7980500,61,551293.6416276
0b90d0bb-8d15-48d1-a558-f76f00efabf4,41.9214100,-73.9516900,62,590367.1494112
0b90d0bb-8d15-48d1-a558-f76f00efabf4,41.8879700,-73.9132800,63,595261.3021624
0b90d0bb-8d15-48d1-a558-f76f00efabf4,41.8266000,-73.9249500,64,602146.2338307
0b90d0bb-8d15-48d1-a558-f76f00efabf4,41.7062400,-73.9379100,65,615557.8354596
0b90d0bb-8d15-48d1-a558-f76f00efabf4,41.5949100,-73.8858100,66,628662.4206176
0b90d0bb-8d15-48d1-a558-f76f00efabf4,41.3293900,-73.8995500,67,658174.1620588
0b90d0bb-8d15-48d1-a558-f76f00efabf4,41.1901000,-73.8829500,68,673705.9868190
0b90d0bb-8d15-48d1-a558-f76f00efabf4,41.1124700,-73.8418700,69,682991.3897490
0b90d0bb-8d15-48d1-a558-f76f00efabf4,40.8823700,-73.8830700,70,708778.9370448
0b90d0bb-8d15-48d1-a558-f76f00efabf4,40.7497200,-73.9918000,71,726132.5697510
0b90d0bb-8d15-48d1-a558-f76f00efabf4,40.7497200,-73.9918000,72,726132.5697510
0b90d0bb-8d15-48d1-a558-f76f00efabf4,40.7497200,-73.9918000,73,726132.5697510
1473501,40.7497200,-73.9918000,1,0.0000000
1473501,40.8605600,-73.9173900,2,13817.7803681
1473501,40.9361600,-73.9030300,3,22300.0593991
1473501,40.9964800,-73.8679500,4,29620.7841758
1473501,41.1197100,-73.8418600,5,43480.7152051
1473501,41.1901000,-73.8829600,6,52025.3948932
1473501,41.5856600,-73.8913000,7,95962.3851350
1473501,41.7062400,-73.9379100,8,109906.3364185
1473501,41.7784800,-73.9160200,9,118133.9361401
1473501,41.8726300,-73.9036600,10,128641.4596752
1473501,41.9214100,-73.9516900,11,135367.6322159
1473501,41.9615300,-73.9077800,12,141122.3673058
1473501,42.1175800,-73.8913000,13,158509.1009543
1473501,42.2540500,-73.7980500,14,175512.8082168
1473501,42.2823900,-73.7718200,15,179332.8457041
1473501,42.5237400,-73.7374900,16,206290.8320969
1473501,42.6416900,-73.7413800,17,219397.1527796
1473501,42.8144700,-73.9425100,18,244690.2162145
1473501,43.0825200,-73.8104600,19,276358.3258571
1473501,43.2698100,-73.5801900,20,304349.0039406
1473501,43.3180600,-73.5289300,21,311134.2078337
1473501,43.3496500,-73.4997500,22,315367.1168632
1473501,43.4066700,-73.4855000,23,321806.4409336
1473501,43.5480500,-73.3928000,24,339212.7567752
1473501,43.5714400,-73.3275700,25,345088.9995162
1473501,43.5934800,-73.2568000,26,351307.2954391
1473501,43.5997200,-73.2485200,27,352270.4495135
1473501,43.6061300,-73.2029400,28,356018.8185005
1473501,43.6135900,-73.1714200,29,358695.0092006
1473501,43.6147600,-73.1665700,30,359107.5375929
1473501,43.6135200,-73.1542400,31,360112.3560986
1473501,43.6158400,-73.1303700,32,362056.3890535
1473501,43.6147000,-73.1209800,33,362824.8842929
1473501,43.6115300,-73.0960000,34,364871.9345167
1473501,43.6061300,-73.0793500,35,366343.9283508
1473501,43.6056300,-73.0652700,36,367482.0367233
1473501,43.5933800,-73.0373800,37,370113.3190945
1473501,43.5932000,-73.0321400,38,370536.9321600
1473501,43.5964300,-73.0209000,39,371512.9331418
1473501,43.6024000,-73.0151400,40,372323.0330419
1473501,43.6035700,-73.0062100,41,373055.6577818
1473501,43.6075500,-72.9845000,42,374863.3476394
1473501,43.6057800,-72.9820100,43,375144.5690871
1473501,43.6057800,-72.9820100,44,375144.5690871
1473501,43.6057800,-72.9820100,45,375144.5690871
1473501,43.6057800,-72.9820100,46,375144.5690871
1f22f9bc-3f0a-4e5f-b650-9f43478bdf5a,42.6416900,-73.7413700,1,0.0000000
1f22f9bc-3f0a-4e5f-b650-9f43478bdf5a,42.4209200,-73.7491600,2,24532.2786327
1f22f9bc-3f0a-4e5f-b650-9f43478bdf5a,42.3006700,-73.7587700,3,37913.1246164
1f22f9bc-3f0a-4e5f-b650-9f43478bdf5a,42.2540500,-73.7980400,4,44021.3429466
1f22f9bc-3f0a-4e5f-b650-9f43478bdf5a,42.1028100,-73.9057200,5,63030.8286392
1f22f9bc-3f0a-4e5f-b650-9f43478bdf5a,41.9993000,-73.9201400,6,74589.9337087
1f22f9bc-3f0a-4e5f-b650-9f43478bdf5a,41.9214100,-73.9516900,7,83628.1055078
1f22f9bc-3f0a-4e5f-b650-9f43478bdf5a,41.8864300,-73.9174000,8,88443.7752857
1f22f9bc-3f0a-4e5f-b650-9f43478bdf5a,41.8076600,-73.9304600,9,97259.7578666
1f22f9bc-3f0a-4e5f-b650-9f43478bdf5a,41.5866900,-73.9332000,10,121803.3826292
1f22f9bc-3f0a-4e5f-b650-9f43478bdf5a,41.5378800,-73.9695900,11,128016.4624736
1f22f9bc-3f0a-4e5f-b650-9f43478bdf5a,41.4648600,-73.9737100,12,136133.6197595
1f22f9bc-3f0a-4e5f-b650-9f43478bdf5a,41.4236800,-73.9524200,13,141041.0420320
1f22f9bc-3f0a-4e5f-b650-9f43478bdf5a,41.2545800,-73.9270200,14,159941.3241363
1f22f9bc-3f0a-4e5f-b650-9f43478bdf5a,41.1901000,-73.8829600,15,167999.2273952
1f22f9bc-3f0a-4e5f-b650-9f43478bdf5a,41.1528100,-73.8556100,16,172734.0090073
1f22f9bc-3f0a-4e5f-b650-9f43478bdf5a,41.0358600,-73.8583700,17,185724.0466348
1f22f9bc-3f0a-4e5f-b650-9f43478bdf5a,40.8823700,-73.9078100,18,203270.4000848
1f22f9bc-3f0a-4e5f-b650-9f43478bdf5a,40.7497200,-73.9918100,19,219617.3379274
1f22f9bc-3f0a-4e5f-b650-9f43478bdf5a,40.7497200,-73.9918100,20,219617.3379274
1f22f9bc-3f0a-4e5f-b650-9f43478bdf5a,40.7497200,-73.9918100,21,219617.3379274
1f22f9bc-3f0a-4e5f-b650-9f43478bdf5a,40.7497200,-73.9918100,22,219617.3379274
356914ac-9ddd-4402-9818-124b8846b483,40.7497200,-73.9918100,1,0.0000000
356914ac-9ddd-4402-9818-124b8846b483,40.8117300,-73.9592700,2,7413.8106478
356914ac-9ddd-4402-9818-124b8846b483,40.8375800,-73.9472600,3,10458.0037186
356914ac-9ddd-4402-9818-124b8846b483,40.8948300,-73.9165300,4,17323.2713965
356914ac-9ddd-4402-9818-124b8846b483,40.9361600,-73.9030400,5,22051.6595488
356914ac-9ddd-4402-9818-124b8846b483,40.9752300,-73.8823700,6,26726.4841501
356914ac-9ddd-4402-9818-124b8846b483,41.0741800,-73.8624600,7,37842.1660549
356914ac-9ddd-4402-9818-124b8846b483,41.1745200,-73.8665800,8,48990.9262710
356914ac-9ddd-4402-9818-124b8846b483,41.1901000,-73.8829700,9,51201.1164746
356914ac-9ddd-4402-9818-124b8846b483,41.2566500,-73.9249400,10,59387.1151987
356914ac-9ddd-4402-9818-124b8846b483,41.3520700,-73.9194500,11,69994.4099000
356914ac-9ddd-4402-9818-124b8846b483,41.4648600,-73.9743800,12,83336.5211113
356914ac-9ddd-4402-9818-124b8846b483,41.5800100,-73.9441700,13,96371.7533395
356914ac-9ddd-4402-9818-124b8846b483,41.7062400,-73.9379300,14,110401.2950088
356914ac-9ddd-4402-9818-124b8846b483,41.8276200,-73.9276900,15,123909.6836622
356914ac-9ddd-4402-9818-124b8846b483,41.8818300,-73.9194500,16,129969.5673085
356914ac-9ddd-4402-9818-124b8846b483,41.9214100,-73.9517000,17,135116.2024973
356914ac-9ddd-4402-9818-124b8846b483,42.1119800,-73.8878600,18,156933.9779283
356914ac-9ddd-4402-9818-124b8846b483,42.2540500,-73.7980700,19,174371.1207154
356914ac-9ddd-4402-9818-124b8846b483,42.3098200,-73.7608300,20,181285.7207429
356914ac-9ddd-4402-9818-124b8846b483,42.3879700,-73.7484700,21,190026.1628856
356914ac-9ddd-4402-9818-124b8846b483,42.5257600,-73.7265000,22,205438.4883289
356914ac-9ddd-4402-9818-124b8846b483,42.6416900,-73.7414000,23,218374.4842870
356914ac-9ddd-4402-9818-124b8846b483,42.7286000,-73.8679500,24,232544.1299642
356914ac-9ddd-4402-9818-124b8846b483,42.7988000,-73.9352400,25,242091.4576897
356914ac-9ddd-4402-9818-124b8846b483,42.8144700,-73.9425300,26,243931.5192928
356914ac-9ddd-4402-9818-124b8846b483,42.8294000,-73.9249400,27,246126.9557822
356914ac-9ddd-4402-9818-124b8846b483,42.8402300,-73.9300900,28,247401.6083559
356914ac-9ddd-4402-9818-124b8846b483,42.8591000,-73.9067500,29,250236.0438012
356914ac-9ddd-4402-9818-124b8846b483,42.9053900,-73.8775600,30,255904.4589429
356914ac-9ddd-4402-9818-124b8846b483,42.9898300,-73.8398000,31,265778.2437695
356914ac-9ddd-4402-9818-124b8846b483,43.0199600,-73.8391100,32,269125.9435386
356914ac-9ddd-4402-9818-124b8846b483,43.0478200,-73.8178300,33,272673.7583021
356914ac-9ddd-4402-9818-124b8846b483,43.0825200,-73.8104800,34,276574.9330668
356914ac-9ddd-4402-9818-124b8846b483,43.1065000,-73.7883000,35,279793.3302417
356914ac-9ddd-4402-9818-124b8846b483,43.1275500,-73.7172300,36,286032.2965881
356914ac-9ddd-4402-9818-124b8846b483,43.1656200,-73.6880500,37,290882.2821665
356914ac-9ddd-4402-9818-124b8846b483,43.2319500,-73.6042800,38,300915.2319730
356914ac-9ddd-4402-9818-124b8846b483,43.2537100,-73.5943200,39,303464.4675319
356914ac-9ddd-4402-9818-124b8846b483,43.2698100,-73.5802100,40,305588.5828565
356914ac-9ddd-4402-9818-124b8846b483,43.2932000,-73.5558700,41,308852.8961065
356914ac-9ddd-4402-9818-124b8846b483,43.3280500,-73.5163900,42,313877.8156580
356914ac-9ddd-4402-9818-124b8846b483,43.3512700,-73.4978500,43,316863.6572817
356914ac-9ddd-4402-9818-124b8846b483,43.3736100,-73.4875500,44,319482.2946930
356914ac-9ddd-4402-9818-124b8846b483,43.3950700,-73.4892700,45,321870.5757610
356914ac-9ddd-4402-9818-124b8846b483,43.4188900,-73.4841200,46,324549.6698673
356914ac-9ddd-4402-9818-124b8846b483,43.4238800,-73.4820600,47,325128.6189069
356914ac-9ddd-4402-9818-124b8846b483,43.4351000,-73.4539000,48,327727.2564916
356914ac-9ddd-4402-9818-124b8846b483,43.4423300,-73.4470400,49,328703.8175920
356914ac-9ddd-4402-9818-124b8846b483,43.4496800,-73.4463500,50,329522.3210889
356914ac-9ddd-4402-9818-124b8846b483,43.5023700,-73.4154500,51,335887.7980760
356914ac-9ddd-4402-9818-124b8846b483,43.5402100,-73.4058400,52,340163.1219404
356914ac-9ddd-4402-9818-124b8846b483,43.5545700,-73.4033900,53,341770.8052822
356914ac-9ddd-4402-9818-124b8846b483,43.5587700,-73.4030300,54,342238.3461109
356914ac-9ddd-4402-9818-124b8846b483,43.5616900,-73.4045500,55,342585.2357815
356914ac-9ddd-4402-9818-124b8846b483,43.5650200,-73.4052200,56,342959.1501004
356914ac-9ddd-4402-9818-124b8846b483,43.5702200,-73.4062800,57,343543.2017701
356914ac-9ddd-4402-9818-124b8846b483,43.5711300,-73.4069100,58,343656.3927758
356914ac-9ddd-4402-9818-124b8846b483,43.5718600,-73.4080400,59,343778.5021291
356914ac-9ddd-4402-9818-124b8846b483,43.5737300,-73.4120600,60,344164.0118821
356914ac-9ddd-4402-9818-124b8846b483,43.5759700,-73.4157900,61,344554.8029063
356914ac-9ddd-4402-9818-124b8846b483,43.5797500,-73.4228300,62,345261.7176626
356914ac-9ddd-4402-9818-124b8846b483,43.5841800,-73.4311600,63,346095.3239068
356914ac-9ddd-4402-9818-124b8846b483,43.5870100,-73.4326600,64,346432.2789117
356914ac-9ddd-4402-9818-124b8846b483,43.5920800,-73.4308600,65,347014.0309710
356914ac-9ddd-4402-9818-124b8846b483,43.6028300,-73.4250200,66,348298.1232999
356914ac-9ddd-4402-9818-124b8846b483,43.6096700,-73.4267400,67,349070.6613176
356914ac-9ddd-4402-9818-124b8846b483,43.6127400,-73.4249400,68,349441.4151776
356914ac-9ddd-4402-9818-124b8846b483,43.6162600,-73.4229600,69,349863.9040546
356914ac-9ddd-4402-9818-124b8846b483,43.6205700,-73.4220600,70,350348.2448650
356914ac-9ddd-4402-9818-124b8846b483,43.6321000,-73.4320200,71,351860.6068393
356914ac-9ddd-4402-9818-124b8846b483,43.6398000,-73.4329200,72,352719.1934979
356914ac-9ddd-4402-9818-124b8846b483,43.6477200,-73.4288400,73,353658.7076291
356914ac-9ddd-4402-9818-124b8846b483,43.6504500,-73.4247200,74,354108.6913606
356914ac-9ddd-4402-9818-124b8846b483,43.6531600,-73.4230900,75,354437.2494858
356914ac-9ddd-4402-9818-124b8846b483,43.6558600,-73.4200900,76,354822.6842496
356914ac-9ddd-4402-9818-124b8846b483,43.6646400,-73.4138600,77,355920.0209913
356914ac-9ddd-4402-9818-124b8846b483,43.6707900,-73.4121900,78,356616.4696467
356914ac-9ddd-4402-9818-124b8846b483,43.6758100,-73.4081100,79,357264.0408251
356914ac-9ddd-4402-9818-124b8846b483,43.6828300,-73.4060500,80,358061.4974422
356914ac-9ddd-4402-9818-124b8846b483,43.6904900,-73.4062200,81,358912.6807316
356914ac-9ddd-4402-9818-124b8846b483,43.6927800,-73.4048100,82,359191.3530138
356914ac-9ddd-4402-9818-124b8846b483,43.6946100,-73.3987100,83,359723.4962295
356914ac-9ddd-4402-9818-124b8846b483,43.6982500,-73.3961000,84,360179.3804572
356914ac-9ddd-4402-9818-124b8846b483,43.7083700,-73.3929600,85,361331.9117453
356914ac-9ddd-4402-9818-124b8846b483,43.7123100,-73.3917600,86,361780.2279988
356914ac-9ddd-4402-9818-124b8846b483,43.7135200,-73.3909700,87,361928.9808772
356914ac-9ddd-4402-9818-124b8846b483,43.7142900,-73.3897900,88,362056.8972044
356914ac-9ddd-4402-9818-124b8846b483,43.7151100,-73.3868100,89,362313.7548635
356914ac-9ddd-4402-9818-124b8846b483,43.7163500,-73.3821700,90,362712.2571946
356914ac-9ddd-4402-9818-124b8846b483,43.7185400,-73.3794200,91,363041.3740607
356914ac-9ddd-4402-9818-124b8846b483,43.7219000,-73.3781600,92,363428.2538383
356914ac-9ddd-4402-9818-124b8846b483,43.7242200,-73.3757500,93,363750.9851294
356914ac-9ddd-4402-9818-124b8846b483,43.7275700,-73.3722800,94,364216.5078893
356914ac-9ddd-4402-9818-124b8846b483,43.7290500,-73.3715900,95,364390.0897377
356914ac-9ddd-4402-9818-124b8846b483,43.7306400,-73.3719300,96,364568.8610715
356914ac-9ddd-4402-9818-124b8846b483,43.7324700,-73.3735700,97,364811.3474925
356914ac-9ddd-4402-9818-124b8846b483,43.7348600,-73.3743000,98,365083.3280381
356914ac-9ddd-4402-9818-124b8846b483,43.7367800,-73.3732400,99,365313.1107633
356914ac-9ddd-4402-9818-124b8846b483,43.7411200,-73.3744700,100,365805.3907049
356914ac-9ddd-4402-9818-124b8846b483,43.7457900,-73.3715900,101,366373.7609891
356914ac-9ddd-4402-9818-124b8846b483,43.7531700,-73.3673900,102,367260.7716951
356914ac-9ddd-4402-9818-124b8846b483,43.7575700,-73.3671300,103,367750.0927685
356914ac-9ddd-4402-9818-124b8846b483,43.7653800,-73.3635200,104,368665.2419539
356914ac-9ddd-4402-9818-124b8846b483,43.7720800,-73.3636100,105,369409.6989975
356914ac-9ddd-4402-9818-124b8846b483,43.7811900,-73.3654100,106,370432.2124010
356914ac-9ddd-4402-9818-124b8846b483,43.7878200,-73.3700500,107,371258.1366036
356914ac-9ddd-4402-9818-124b8846b483,43.7949400,-73.3768300,108,372219.1839096
356914ac-9ddd-4402-9818-124b8846b483,43.8018800,-73.3809500,109,373058.5399444
356914ac-9ddd-4402-9818-124b8846b483,43.8093100,-73.3924500,110,374298.6338890
356914ac-9ddd-4402-9818-124b8846b483,43.8167500,-73.4004300,111,375345.3322610
356914ac-9ddd-4402-9818-124b8846b483,43.8233700,-73.4012000,112,376083.4758626
356914ac-9ddd-4402-9818-124b8846b483,43.8308600,-73.3988900,113,376936.1730482
356914ac-9ddd-4402-9818-124b8846b483,43.8354800,-73.4015500,114,377492.2968221
356914ac-9ddd-4402-9818-124b8846b483,43.8385400,-73.4009500,115,377835.6979034
356914ac-9ddd-4402-9818-124b8846b483,43.8498100,-73.3881600,116,379456.1473113
356914ac-9ddd-4402-9818-124b8846b483,43.8518500,-73.3882900,117,379683.0512414
356914ac-9ddd-4402-9818-124b8846b483,43.8528000,-73.3887800,118,379795.7182574
356914ac-9ddd-4402-9818-124b8846b483,43.8539000,-73.3896500,119,379936.5406733
356914ac-9ddd-4402-9818-124b8846b483,43.8586800,-73.3936900,120,380559.0956703
356914ac-9ddd-4402-9818-124b8846b483,43.8610100,-73.3943400,121,380823.2022241
356914ac-9ddd-4402-9818-124b8846b483,43.8710000,-73.3931400,122,381937.3711193
356914ac-9ddd-4402-9818-124b8846b483,43.8728600,-73.3931800,123,382144.0602470
356914ac-9ddd-4402-9818-124b8846b483,43.8775900,-73.3918500,124,382680.3710131
356914ac-9ddd-4402-9818-124b8846b483,43.8822300,-73.3916800,125,383196.1019405
356914ac-9ddd-4402-9818-124b8846b483,43.8846000,-73.3910000,126,383465.0430089
356914ac-9ddd-4402-9818-124b8846b483,43.8862200,-73.3904100,127,383651.1808957
356914ac-9ddd-4402-9818-124b8846b483,43.8880700,-73.3907900,128,383858.9902366
356914ac-9ddd-4402-9818-124b8846b483,43.8901900,-73.3917700,129,384107.3582715
356914ac-9ddd-4402-9818-124b8846b483,43.8912600,-73.3924500,130,384238.2011762
356914ac-9ddd-4402-9818-124b8846b483,43.8950700,-73.3979000,131,384847.2749680
356914ac-9ddd-4402-9818-124b8846b483,43.8980100,-73.3987100,132,385180.3587179
356914ac-9ddd-4402-9818-124b8846b483,43.9006700,-73.3999600,133,385492.5083212
356914ac-9ddd-4402-9818-124b8846b483,43.9020300,-73.4027500,134,385762.8332097
356914ac-9ddd-4402-9818-124b8846b483,43.9037900,-73.4136900,135,386663.2114227
356914ac-9ddd-4402-9818-124b8846b483,43.9044400,-73.4154200,136,386819.8365014
356914ac-9ddd-4402-9818-124b8846b483,43.9064800,-73.4171800,137,387086.9832025
356914ac-9ddd-4402-9818-124b8846b483,43.9126300,-73.4194100,138,387793.4017248
356914ac-9ddd-4402-9818-124b8846b483,43.9259500,-73.4188900,139,389273.9849447
356914ac-9ddd-4402-9818-124b8846b483,43.9316700,-73.4167100,140,389933.2075446
356914ac-9ddd-4402-9818-124b8846b483,43.9327800,-73.4155600,141,390087.2793248
356914ac-9ddd-4402-9818-124b8846b483,43.9339600,-73.4149000,142,390228.6956320
356914ac-9ddd-4402-9818-124b8846b483,43.9359700,-73.4151600,143,390453.0022886
356914ac-9ddd-4402-9818-124b8846b483,43.9383500,-73.4170100,144,390756.3078673
356914ac-9ddd-4402-9818-124b8846b483,43.9407300,-73.4173100,145,391021.8468489
356914ac-9ddd-4402-9818-124b8846b483,43.9462100,-73.4172400,146,391630.7618205
356914ac-9ddd-4402-9818-124b8846b483,43.9480700,-73.4169200,147,391839.0191120
356914ac-9ddd-4402-9818-124b8846b483,43.9519400,-73.4147100,148,392304.1780724
356914ac-9ddd-4402-9818-124b8846b483,43.9600700,-73.4134900,149,393212.8057096
356914ac-9ddd-4402-9818-124b8846b483,43.9737800,-73.4206100,150,394839.7801401
356914ac-9ddd-4402-9818-124b8846b483,43.9793400,-73.4217300,151,395464.0636967
356914ac-9ddd-4402-9818-124b8846b483,43.9833600,-73.4206100,152,395919.6825257
356914ac-9ddd-4402-9818-124b8846b483,43.9928000,-73.4385500,153,397700.5377462
356914ac-9ddd-4402-9818-124b8846b483,44.0004000,-73.4539100,154,399194.1964806
356914ac-9ddd-4402-9818-124b8846b483,44.0030500,-73.4564000,155,399549.9808079
356914ac-9ddd-4402-9818-124b8846b483,44.0096600,-73.4528800,156,400336.8173020
356914ac-9ddd-4402-9818-124b8846b483,44.0123100,-73.4532300,157,400632.5999693
356914ac-9ddd-4402-9818-124b8846b483,44.0151500,-73.4562300,158,401029.3976678
356914ac-9ddd-4402-9818-124b8846b483,44.0194100,-73.4570700,159,401507.5052702
356914ac-9ddd-4402-9818-124b8846b483,44.0231500,-73.4565700,160,401924.9957914
356914ac-9ddd-4402-9818-124b8846b483,44.0255800,-73.4578200,161,402212.9983885
356914ac-9ddd-4402-9818-124b8846b483,44.0341900,-73.4612800,162,403209.0785771
356914ac-9ddd-4402-9818-124b8846b483,44.0402400,-73.4609000,163,403882.0017481
356914ac-9ddd-4402-9818-124b8846b483,44.0422400,-73.4586200,164,404169.7161713
356914ac-9ddd-4402-9818-124b8846b483,44.0434800,-73.4563100,165,404400.5002132
356914ac-9ddd-4402-9818-124b8846b483,44.0449000,-73.4560200,166,404559.9835526
356914ac-9ddd-4402-9818-124b8846b483,44.0492800,-73.4565300,167,405048.3725070
356914ac-9ddd-4402-9818-124b8846b483,44.0535700,-73.4542100,168,405560.0219831
356914ac-9ddd-4402-9818-124b8846b483,44.0561600,-73.4513800,169,405926.4178005
356914ac-9ddd-4402-9818-124b8846b483,44.0573600,-73.4507800,170,406068.1568936
356914ac-9ddd-4402-9818-124b8846b483,44.0595500,-73.4504800,171,406312.6796309
356914ac-9ddd-4402-9818-124b8846b483,44.0617700,-73.4497500,172,406566.1912834
356914ac-9ddd-4402-9818-124b8846b483,44.0651000,-73.4501700,173,406937.7262184
356914ac-9ddd-4402-9818-124b8846b483,44.0702800,-73.4497500,174,407514.2771951
356914ac-9ddd-4402-9818-124b8846b483,44.0750600,-73.4474800,175,408075.6681578
356914ac-9ddd-4402-9818-124b8846b483,44.0856900,-73.4443000,176,409283.9599354
356914ac-9ddd-4402-9818-124b8846b483,44.0899200,-73.4449400,177,409756.7585312
356914ac-9ddd-4402-9818-124b8846b483,44.0920100,-73.4444300,178,409992.5510273
356914ac-9ddd-4402-9818-124b8846b483,44.0942600,-73.4449000,179,410245.3749366
356914ac-9ddd-4402-9818-124b8846b483,44.0996300,-73.4470000,180,410865.3005552
356914ac-9ddd-4402-9818-124b8846b483,44.1012300,-73.4459300,181,411062.6505695
356914ac-9ddd-4402-9818-124b8846b483,44.1069300,-73.4361500,182,412069.7711578
356914ac-9ddd-4402-9818-124b8846b483,44.1091800,-73.4358900,183,412320.6435167
356914ac-9ddd-4402-9818-124b8846b483,44.1164200,-73.4381200,184,413144.6819251
356914ac-9ddd-4402-9818-124b8846b483,44.1172800,-73.4393000,185,413279.0456797
356914ac-9ddd-4402-9818-124b8846b483,44.1178200,-73.4408200,186,413414.7085278
356914ac-9ddd-4402-9818-124b8846b483,44.1201200,-73.4482500,187,414062.0324686
356914ac-9ddd-4402-9818-124b8846b483,44.1409400,-73.4504800,188,416382.3160980
356914ac-9ddd-4402-9818-124b8846b483,44.1461800,-73.4468700,189,417032.2686521
356914ac-9ddd-4402-9818-124b8846b483,44.1685900,-73.4514200,190,419548.8228223
356914ac-9ddd-4402-9818-124b8846b483,44.1726500,-73.4547700,191,420073.5117506
356914ac-9ddd-4402-9818-124b8846b483,44.1820100,-73.4581200,192,421147.5015308
356914ac-9ddd-4402-9818-124b8846b483,44.1873000,-73.4517400,193,421925.7948483
356914ac-9ddd-4402-9818-124b8846b483,44.1900100,-73.4507400,194,422237.3522582
356914ac-9ddd-4402-9818-124b8846b483,44.1922900,-73.4466900,195,422648.4770581
356914ac-9ddd-4402-9818-124b8846b483,44.1990000,-73.4468700,196,423394.2046812
356914ac-9ddd-4402-9818-124b8846b483,44.2063800,-73.4486800,197,424226.9071126
356914ac-9ddd-4402-9818-124b8846b483,44.2124700,-73.4480700,198,424905.3595387
356914ac-9ddd-4402-9818-124b8846b483,44.2234800,-73.4455900,199,426144.7003122
356914ac-9ddd-4402-9818-124b8846b483,44.2286500,-73.4385400,200,426949.2677515
356914ac-9ddd-4402-9818-124b8846b483,44.2353500,-73.4377700,201,427696.2874459
356914ac-9ddd-4402-9818-124b8846b483,44.2387300,-73.4351100,202,428127.8099525
356914ac-9ddd-4402-9818-124b8846b483,44.2420500,-73.4301300,203,428670.3470973
356914ac-9ddd-4402-9818-124b8846b483,44.2475900,-73.4256600,204,429381.9856987
356914ac-9ddd-4402-9818-124b8846b483,44.2525100,-73.4127000,205,430552.5847048
356914ac-9ddd-4402-9818-124b8846b483,44.2648000,-73.3999200,206,432257.4353616
356914ac-9ddd-4402-9818-124b8846b483,44.2748800,-73.3994000,207,433378.2690883
356914ac-9ddd-4402-9818-124b8846b483,44.2835400,-73.3923600,208,434492.6396839
356914ac-9ddd-4402-9818-124b8846b483,44.2911000,-73.3875600,209,435415.9337402
356914ac-9ddd-4402-9818-124b8846b483,44.3124200,-73.3927100,210,437820.3534892
356914ac-9ddd-4402-9818-124b8846b483,44.3474700,-73.3964000,211,441726.1680268
356914ac-9ddd-4402-9818-124b8846b483,44.3722000,-73.4085800,212,444640.6506427
356914ac-9ddd-4402-9818-124b8846b483,44.3930600,-73.4151100,213,447016.2999187
356914ac-9ddd-4402-9818-124b8846b483,44.4090000,-73.4182000,214,448804.5773708
356914ac-9ddd-4402-9818-124b8846b483,44.4266600,-73.4106400,215,450857.2510254
356914ac-9ddd-4402-9818-124b8846b483,44.4421000,-73.4013700,216,452724.9717835
356914ac-9ddd-4402-9818-124b8846b483,44.4533800,-73.3986300,217,453997.2507319
356914ac-9ddd-4402-9818-124b8846b483,44.4847400,-73.4185400,218,457825.2418454
356914ac-9ddd-4402-9818-124b8846b483,44.5065300,-73.3893600,219,461179.2311822
356914ac-9ddd-4402-9818-124b8846b483,44.5118600,-73.3861800,220,461823.2322843
356914ac-9ddd-4402-9818-124b8846b483,44.5200000,-73.3885000,221,462746.3843110
356914ac-9ddd-4402-9818-124b8846b483,44.5216500,-73.4006900,222,463732.6965972
356914ac-9ddd-4402-9818-124b8846b483,44.5236700,-73.4031800,223,464031.9799794
356914ac-9ddd-4402-9818-124b8846b483,44.5576900,-73.4357100,224,468611.8454008
356914ac-9ddd-4402-9818-124b8846b483,44.5678400,-73.4481500,225,470111.4683506
356914ac-9ddd-4402-9818-124b8846b483,44.5851400,-73.4419700,226,472095.5791846
356914ac-9ddd-4402-9818-124b8846b483,44.5947400,-73.4416300,227,473162.7089115
356914ac-9ddd-4402-9818-124b8846b483,44.6165500,-73.4509000,228,475695.5872882
356914ac-9ddd-4402-9818-124b8846b483,44.6351800,-73.4540700,229,477781.0645612
356914ac-9ddd-4402-9818-124b8846b483,44.6561300,-73.4460900,230,480193.6688704
356914ac-9ddd-4402-9818-124b8846b483,44.6732800,-73.4420600,231,482126.0790328
356914ac-9ddd-4402-9818-124b8846b483,44.6788400,-73.4423200,232,482744.2803493
356914ac-9ddd-4402-9818-124b8846b483,44.6878100,-73.4449800,233,483763.1403353
356914ac-9ddd-4402-9818-124b8846b483,44.6915300,-73.4446300,234,484177.4580085
356914ac-9ddd-4402-9818-124b8846b483,44.6958600,-73.4433500,235,484669.2132820
356914ac-9ddd-4402-9818-124b8846b483,44.6967900,-73.4462800,236,484923.4085423
356914ac-9ddd-4402-9818-124b8846b483,44.6976200,-73.4484100,237,485115.7868161
356914ac-9ddd-4402-9818-124b8846b483,44.7029900,-73.4522300,238,485784.9431455
356914ac-9ddd-4402-9818-124b8846b483,44.7099000,-73.4552300,239,486588.7863722
356914ac-9ddd-4402-9818-124b8846b483,44.7166400,-73.4584700,240,487380.5561180
356914ac-9ddd-4402-9818-124b8846b483,44.7280000,-73.4628300,241,488689.3582185
356914ac-9ddd-4402-9818-124b8846b483,44.7389700,-73.4654000,242,489925.2974326
356914ac-9ddd-4402-9818-124b8846b483,44.7662800,-73.4669500,243,492962.6551311
356914ac-9ddd-4402-9818-124b8846b483,44.7723200,-73.4682400,244,493641.5878017
356914ac-9ddd-4402-9818-124b8846b483,44.7871900,-73.4782800,245,495475.1934078
356914ac-9ddd-4402-9818-124b8846b483,44.8281100,-73.5084900,246,500612.3309132
356914ac-9ddd-4402-9818-124b8846b483,44.8471000,-73.4947600,247,502985.5300676
356914ac-9ddd-4402-9818-124b8846b483,44.8738700,-73.4717600,248,506471.9090056
356914ac-9ddd-4402-9818-124b8846b483,44.8952700,-73.4353600,249,510203.6405072
356914ac-9ddd-4402-9818-124b8846b483,44.9203200,-73.4099600,250,513634.8627905
356914ac-9ddd-4402-9818-124b8846b483,44.9376400,-73.4044200,251,515608.7035539
356914ac-9ddd-4402-9818-124b8846b483,44.9560400,-73.3976000,252,517723.1595204
356914ac-9ddd-4402-9818-124b8846b483,44.9949400,-73.3713200,253,522517.4927651
356914ac-9ddd-4402-9818-124b8846b483,44.9959100,-73.3711100,254,522626.5549388
356914ac-9ddd-4402-9818-124b8846b483,44.9968300,-73.3715100,255,522733.5506125
356914ac-9ddd-4402-9818-124b8846b483,44.9977600,-73.3727300,256,522874.7445598
356914ac-9ddd-4402-9818-124b8846b483,44.9998000,-73.3742900,257,523132.6724049
356914ac-9ddd-4402-9818-124b8846b483,45.0028200,-73.3743400,258,523468.3136025
356914ac-9ddd-4402-9818-124b8846b483,45.0067900,-73.3725000,259,523932.7443175
356914ac-9ddd-4402-9818-124b8846b483,45.0242300,-73.3655900,260,525945.9709542
356914ac-9ddd-4402-9818-124b8846b483,45.0362400,-73.3607900,261,527333.2374568
356914ac-9ddd-4402-9818-124b8846b483,45.0603100,-73.3507300,262,530123.1377721
356914ac-9ddd-4402-9818-124b8846b483,45.0831400,-73.3419800,263,532752.2102054
356914ac-9ddd-4402-9818-124b8846b483,45.1066500,-73.3340800,264,535437.9470493
356914ac-9ddd-4402-9818-124b8846b483,45.3757600,-73.3275600,265,565350.2689859
356914ac-9ddd-4402-9818-124b8846b483,45.4461400,-73.3553700,266,573469.5864840
356914ac-9ddd-4402-9818-124b8846b483,45.4631800,-73.3836100,267,576379.2424907
356914ac-9ddd-4402-9818-124b8846b483,45.4966700,-73.4460900,268,582520.7305522
356914ac-9ddd-4402-9818-124b8846b483,45.5054700,-73.4618000,269,584090.4962904
356914ac-9ddd-4402-9818-124b8846b483,45.5057500,-73.4675800,270,584543.2757313
356914ac-9ddd-4402-9818-124b8846b483,45.5044000,-73.4880700,271,586151.6045523
356914ac-9ddd-4402-9818-124b8846b483,45.5036700,-73.4920100,272,586470.0348116
356914ac-9ddd-4402-9818-124b8846b483,45.4992600,-73.5068600,273,587729.9014079
356914ac-9ddd-4402-9818-124b8846b483,45.4910600,-73.5303000,274,589776.2316929
356914ac-9ddd-4402-9818-124b8846b483,45.4849100,-73.5524400,275,591637.0981015
356914ac-9ddd-4402-9818-124b8846b483,45.4854200,-73.5551500,276,591856.4133881
356914ac-9ddd-4402-9818-124b8846b483,45.4876800,-73.5567300,277,592136.3205541
356914ac-9ddd-4402-9818-124b8846b483,45.5033500,-73.5542500,278,593888.6621375
356914ac-9ddd-4402-9818-124b8846b483,45.5108100,-73.5520200,279,594735.8960076
356914ac-9ddd-4402-9818-124b8846b483,45.5166700,-73.5637200,280,595858.3891495
356914ac-9ddd-4402-9818-124b8846b483,45.5166700,-73.5637200,281,595858.3891495
356914ac-9ddd-4402-9818-124b8846b483,45.5166700,-73.5637200,282,595858.3891495
356914ac-9ddd-4402-9818-124b8846b483,45.5166700,-73.5637200,283,595858.3891495
356914ac-9ddd-4402-9818-124b8846b483,45.5166700,-73.5637200,284,595858.3891495
356914ac-9ddd-4402-9818-124b8846b483,45.5166700,-73.5637200,285,595858.3891495
356914ac-9ddd-4402-9818-124b8846b483,45.5166700,-73.5637200,286,595858.3891495
356914ac-9ddd-4402-9818-124b8846b483,45.5166700,-73.5637200,287,595858.3891495
356914ac-9ddd-4402-9818-124b8846b483,45.5166700,-73.5637200,288,595858.3891495
67f7cf80-ec0e-4900-bd77-dabf6dabf775,42.6416900,-73.7413700,1,0.0000000
67f7cf80-ec0e-4900-bd77-dabf6dabf775,42.4209200,-73.7491600,2,24532.2786327
67f7cf80-ec0e-4900-bd77-dabf6dabf775,42.3006700,-73.7587700,3,37913.1246164
67f7cf80-ec0e-4900-bd77-dabf6dabf775,42.2540500,-73.7980400,4,44021.3429466
67f7cf80-ec0e-4900-bd77-dabf6dabf775,42.1028100,-73.9057200,5,63030.8286392
67f7cf80-ec0e-4900-bd77-dabf6dabf775,41.9993000,-73.9201400,6,74589.9337087
67f7cf80-ec0e-4900-bd77-dabf6dabf775,41.9214100,-73.9516900,7,83628.1055078
67f7cf80-ec0e-4900-bd77-dabf6dabf775,41.8864300,-73.9174000,8,88443.7752857
67f7cf80-ec0e-4900-bd77-dabf6dabf775,41.8076600,-73.9304600,9,97259.7578666
67f7cf80-ec0e-4900-bd77-dabf6dabf775,41.5866900,-73.9332000,10,121803.3826292
67f7cf80-ec0e-4900-bd77-dabf6dabf775,41.5378800,-73.9695900,11,128016.4624736
67f7cf80-ec0e-4900-bd77-dabf6dabf775,41.4648600,-73.9737100,12,136133.6197595
67f7cf80-ec0e-4900-bd77-dabf6dabf775,41.4236800,-73.9524200,13,141041.0420320
67f7cf80-ec0e-4900-bd77-dabf6dabf775,41.2545800,-73.9270200,14,159941.3241363
67f7cf80-ec0e-4900-bd77-dabf6dabf775,41.1901000,-73.8829600,15,167999.2273952
67f7cf80-ec0e-4900-bd77-dabf6dabf775,41.1528100,-73.8556100,16,172734.0090073
67f7cf80-ec0e-4900-bd77-dabf6dabf775,41.0358600,-73.8583600,17,185724.0316646
67f7cf80-ec0e-4900-bd77-dabf6dabf775,40.8823700,-73.9078000,18,203270.3851147
67f7cf80-ec0e-4900-bd77-dabf6dabf775,40.7497200,-73.9918000,19,219617.3229573
67f7cf80-ec0e-4900-bd77-dabf6dabf775,40.7497200,-73.9918000,20,219617.3229573
67f7cf80-ec0e-4900-bd77-dabf6dabf775,40.7497200,-73.9918000,21,219617.3229573
67f7cf80-ec0e-4900-bd77-dabf6dabf775,40.7497200,-73.9918000,22,219617.3229573
683becf5-46fe-4745-9c25-408182bc1e37,40.7497200,-73.9918100,1,0.0000000
683becf5-46fe-4745-9c25-408182bc1e37,40.7497200,-73.9918100,2,0.0000000
683becf5-46fe-4745-9c25-408182bc1e37,40.7497200,-73.9918100,3,0.0000000
683becf5-46fe-4745-9c25-408182bc1e37,40.7497200,-73.9918100,4,0.0000000
683becf5-46fe-4745-9c25-408182bc1e37,40.8823700,-73.9078100,5,16346.9378426
683becf5-46fe-4745-9c25-408182bc1e37,41.0358600,-73.8583700,6,33893.2912926
683becf5-46fe-4745-9c25-408182bc1e37,41.1528100,-73.8556100,7,46883.3289201
683becf5-46fe-4745-9c25-408182bc1e37,41.1901000,-73.8829600,8,51618.1105322
683becf5-46fe-4745-9c25-408182bc1e37,41.2545800,-73.9270200,9,59676.0137911
683becf5-46fe-4745-9c25-408182bc1e37,41.4236800,-73.9524200,10,78576.2958954
683becf5-46fe-4745-9c25-408182bc1e37,41.4648600,-73.9737100,11,83483.7181679
683becf5-46fe-4745-9c25-408182bc1e37,41.5378800,-73.9695900,12,91600.8754538
683becf5-46fe-4745-9c25-408182bc1e37,41.5866900,-73.9332000,13,97813.9552982
683becf5-46fe-4745-9c25-408182bc1e37,41.8076600,-73.9304600,14,122357.5800608
683becf5-46fe-4745-9c25-408182bc1e37,41.8864300,-73.9174000,15,131173.5626417
683becf5-46fe-4745-9c25-408182bc1e37,41.9214100,-73.9516900,16,135989.2324196
683becf5-46fe-4745-9c25-408182bc1e37,41.9993000,-73.9201400,17,145027.4042187
683becf5-46fe-4745-9c25-408182bc1e37,42.1028100,-73.9057200,18,156586.5092882
683becf5-46fe-4745-9c25-408182bc1e37,42.2540500,-73.7980400,19,175595.9949808
683becf5-46fe-4745-9c25-408182bc1e37,42.3006700,-73.7587700,20,181704.2133110
683becf5-46fe-4745-9c25-408182bc1e37,42.4209100,-73.7491600,21,195083.9504299
683becf5-46fe-4745-9c25-408182bc1e37,42.6416900,-73.7413700,22,219617.3395005
683becf5-46fe-4745-9c25-408182bc1e37,42.6416900,-73.7413700,23,219617.3395005
73e2a526-db66-4b6b-b4a0-e2f1d9acc807,45.5166600,-73.5637200,1,0.0000000
73e2a526-db66-4b6b-b4a0-e2f1d9acc807,45.5166600,-73.5637200,2,0.0000000
73e2a526-db66-4b6b-b4a0-e2f1d9acc807,45.5166600,-73.5637200,3,0.0000000
73e2a526-db66-4b6b-b4a0-e2f1d9acc807,45.5166600,-73.5637200,4,0.0000000
73e2a526-db66-4b6b-b4a0-e2f1d9acc807,45.5166600,-73.5637200,5,0.0000000
73e2a526-db66-4b6b-b4a0-e2f1d9acc807,45.5166600,-73.5637200,6,0.0000000
73e2a526-db66-4b6b-b4a0-e2f1d9acc807,45.5166600,-73.5637200,7,0.0000000
73e2a526-db66-4b6b-b4a0-e2f1d9acc807,45.5166600,-73.5637200,8,0.0000000
73e2a526-db66-4b6b-b4a0-e2f1d9acc807,45.5166600,-73.5637200,9,0.0000000
73e2a526-db66-4b6b-b4a0-e2f1d9acc807,45.5108000,-73.5520200,10,1122.4932731
73e2a526-db66-4b6b-b4a0-e2f1d9acc807,45.5033400,-73.5542500,11,1969.7271481
73e2a526-db66-4b6b-b4a0-e2f1d9acc807,45.4876700,-73.5567300,12,3722.0687323
73e2a526-db66-4b6b-b4a0-e2f1d9acc807,45.4854100,-73.5551500,13,4001.9759075
73e2a526-db66-4b6b-b4a0-e2f1d9acc807,45.4849000,-73.5524400,14,4221.2912303
73e2a526-db66-4b6b-b4a0-e2f1d9acc807,45.4910500,-73.5303100,15,6081.4308444
73e2a526-db66-4b6b-b4a0-e2f1d9acc807,45.4992500,-73.5068800,16,8127.0616003
73e2a526-db66-4b6b-b4a0-e2f1d9acc807,45.5036600,-73.4920300,17,9386.9283855
73e2a526-db66-4b6b-b4a0-e2f1d9acc807,45.5043900,-73.4880900,18,9705.3586976
73e2a526-db66-4b6b-b4a0-e2f1d9acc807,45.5057400,-73.4676000,19,11313.6878008
73e2a526-db66-4b6b-b4a0-e2f1d9acc807,45.5054700,-73.4618200,20,11766.3922515
73e2a526-db66-4b6b-b4a0-e2f1d9acc807,45.4966600,-73.4461100,21,13336.8507845
73e2a526-db66-4b6b-b4a0-e2f1d9acc807,45.4631700,-73.3836400,22,19477.7176434
73e2a526-db66-4b6b-b4a0-e2f1d9acc807,45.4461300,-73.3554000,23,22387.3739443
73e2a526-db66-4b6b-b4a0-e2f1d9acc807,45.3757500,-73.3275900,24,30506.6915322
73e2a526-db66-4b6b-b4a0-e2f1d9acc807,45.1066400,-73.3341100,25,60419.0134178
73e2a526-db66-4b6b-b4a0-e2f1d9acc807,45.0831300,-73.3420100,26,63104.7502823
73e2a526-db66-4b6b-b4a0-e2f1d9acc807,45.0603000,-73.3507700,27,65734.0292428
73e2a526-db66-4b6b-b4a0-e2f1d9acc807,45.0362300,-73.3608200,28,68523.7059014
73e2a526-db66-4b6b-b4a0-e2f1d9acc807,45.0242300,-73.3656400,29,69910.3341494
73e2a526-db66-4b6b-b4a0-e2f1d9acc807,45.0067800,-73.3725500,30,71924.6306938
73e2a526-db66-4b6b-b4a0-e2f1d9acc807,45.0028100,-73.3744100,31,72389.5563479
73e2a526-db66-4b6b-b4a0-e2f1d9acc807,44.9997900,-73.3743400,32,72725.2197699
73e2a526-db66-4b6b-b4a0-e2f1d9acc807,44.9977500,-73.3728000,33,72982.3993157
73e2a526-db66-4b6b-b4a0-e2f1d9acc807,44.9968300,-73.3715600,34,73123.8671534
73e2a526-db66-4b6b-b4a0-e2f1d9acc807,44.9959000,-73.3711600,35,73231.9252585
73e2a526-db66-4b6b-b4a0-e2f1d9acc807,44.9949300,-73.3713700,36,73340.9874324
73e2a526-db66-4b6b-b4a0-e2f1d9acc807,44.9560300,-73.3976500,37,78135.3208261
73e2a526-db66-4b6b-b4a0-e2f1d9acc807,44.9376300,-73.4044700,38,80249.7768129
73e2a526-db66-4b6b-b4a0-e2f1d9acc807,44.9203200,-73.4100100,39,82222.5339174
73e2a526-db66-4b6b-b4a0-e2f1d9acc807,44.8952700,-73.4354100,40,85653.7562008
73e2a526-db66-4b6b-b4a0-e2f1d9acc807,44.8738700,-73.4718400,41,89387.3145145
73e2a526-db66-4b6b-b4a0-e2f1d9acc807,44.8471000,-73.4948200,42,92872.8694719
73e2a526-db66-4b6b-b4a0-e2f1d9acc807,44.8281000,-73.5085500,43,95247.0569166
73e2a526-db66-4b6b-b4a0-e2f1d9acc807,44.7871900,-73.4783600,44,100382.4748141
73e2a526-db66-4b6b-b4a0-e2f1d9acc807,44.7723100,-73.4683000,45,102217.7682118
73e2a526-db66-4b6b-b4a0-e2f1d9acc807,44.7662700,-73.4670300,46,102896.4645483
73e2a526-db66-4b6b-b4a0-e2f1d9acc807,44.7389600,-73.4654800,47,105933.8222424
73e2a526-db66-4b6b-b4a0-e2f1d9acc807,44.7279900,-73.4629100,48,107169.7614601
73e2a526-db66-4b6b-b4a0-e2f1d9acc807,44.7166300,-73.4585400,49,108478.7728983
73e2a526-db66-4b6b-b4a0-e2f1d9acc807,44.7098900,-73.4553000,50,109270.5426572
73e2a526-db66-4b6b-b4a0-e2f1d9acc807,44.7029800,-73.4523000,51,110074.3858947
73e2a526-db66-4b6b-b4a0-e2f1d9acc807,44.6976100,-73.4484700,52,110743.9012187
73e2a526-db66-4b6b-b4a0-e2f1d9acc807,44.6967800,-73.4463500,53,110935.5843212
73e2a526-db66-4b6b-b4a0-e2f1d9acc807,44.6958600,-73.4434100,54,111190.0554723
73e2a526-db66-4b6b-b4a0-e2f1d9acc807,44.6915200,-73.4446900,55,111682.8981486
73e2a526-db66-4b6b-b4a0-e2f1d9acc807,44.6878000,-73.4450200,56,112097.1126732
73e2a526-db66-4b6b-b4a0-e2f1d9acc807,44.6788300,-73.4423600,57,113115.9726651
73e2a526-db66-4b6b-b4a0-e2f1d9acc807,44.6732700,-73.4421000,58,113734.1739806
73e2a526-db66-4b6b-b4a0-e2f1d9acc807,44.6561200,-73.4461300,59,115666.5841487
73e2a526-db66-4b6b-b4a0-e2f1d9acc807,44.6351700,-73.4541200,60,118079.3967683
73e2a526-db66-4b6b-b4a0-e2f1d9acc807,44.6165400,-73.4509700,61,120164.6831823
73e2a526-db66-4b6b-b4a0-e2f1d9acc807,44.5947200,-73.4417000,62,122698.6249329
73e2a526-db66-4b6b-b4a0-e2f1d9acc807,44.5851300,-73.4420300,63,123764.6239602
73e2a526-db66-4b6b-b4a0-e2f1d9acc807,44.5678300,-73.4482100,64,125748.7348117
73e2a526-db66-4b6b-b4a0-e2f1d9acc807,44.5576700,-73.4357900,65,127248.1478374
73e2a526-db66-4b6b-b4a0-e2f1d9acc807,44.5236600,-73.4032600,66,131827.0964178
73e2a526-db66-4b6b-b4a0-e2f1d9acc807,44.5216300,-73.4007800,67,132126.6904065
73e2a526-db66-4b6b-b4a0-e2f1d9acc807,44.5199900,-73.3885700,68,133114.3596490
73e2a526-db66-4b6b-b4a0-e2f1d9acc807,44.5118500,-73.3862500,69,134037.5116805
73e2a526-db66-4b6b-b4a0-e2f1d9acc807,44.5065200,-73.3894300,70,134681.5127986
73e2a526-db66-4b6b-b4a0-e2f1d9acc807,44.4847200,-73.4186100,71,138036.3048534
73e2a526-db66-4b6b-b4a0-e2f1d9acc807,44.4533700,-73.3987100,72,141862.9552358
73e2a526-db66-4b6b-b4a0-e2f1d9acc807,44.4420900,-73.4014600,73,143135.3708887
73e2a526-db66-4b6b-b4a0-e2f1d9acc807,44.4266500,-73.4107300,74,145003.0916937
73e2a526-db66-4b6b-b4a0-e2f1d9acc807,44.4089900,-73.4182800,75,147055.5319139
73e2a526-db66-4b6b-b4a0-e2f1d9acc807,44.3930500,-73.4151900,76,148843.8093687
73e2a526-db66-4b6b-b4a0-e2f1d9acc807,44.3721900,-73.4086700,77,151219.2842344
73e2a526-db66-4b6b-b4a0-e2f1d9acc807,44.3474600,-73.3964900,78,154133.7669008
73e2a526-db66-4b6b-b4a0-e2f1d9acc807,44.3124200,-73.3928000,79,158038.4734102
73e2a526-db66-4b6b-b4a0-e2f1d9acc807,44.2910900,-73.3876400,80,160444.1244586
73e2a526-db66-4b6b-b4a0-e2f1d9acc807,44.2835300,-73.3924500,81,161367.7500368
73e2a526-db66-4b6b-b4a0-e2f1d9acc807,44.2748800,-73.3995000,82,162481.5644277
73e2a526-db66-4b6b-b4a0-e2f1d9acc807,44.2647900,-73.4000200,83,163603.5085669
73e2a526-db66-4b6b-b4a0-e2f1d9acc807,44.2525000,-73.4128000,84,165308.3593253
73e2a526-db66-4b6b-b4a0-e2f1d9acc807,44.2475800,-73.4257700,85,166479.6647798
73e2a526-db66-4b6b-b4a0-e2f1d9acc807,44.2420400,-73.4302400,86,167191.3034106
73e2a526-db66-4b6b-b4a0-e2f1d9acc807,44.2387200,-73.4352200,87,167733.8406044
73e2a526-db66-4b6b-b4a0-e2f1d9acc807,44.2353400,-73.4378900,88,168165.7570761
73e2a526-db66-4b6b-b4a0-e2f1d9acc807,44.2286300,-73.4386600,89,168913.8841690
73e2a526-db66-4b6b-b4a0-e2f1d9acc807,44.2234600,-73.4457200,90,169719.0113543
73e2a526-db66-4b6b-b4a0-e2f1d9acc807,44.2124600,-73.4482000,91,170957.2552792
73e2a526-db66-4b6b-b4a0-e2f1d9acc807,44.2063700,-73.4488100,92,171635.7077047
73e2a526-db66-4b6b-b4a0-e2f1d9acc807,44.1989900,-73.4469900,93,172468.5493901
73e2a526-db66-4b6b-b4a0-e2f1d9acc807,44.1922800,-73.4468100,94,173214.2770120
73e2a526-db66-4b6b-b4a0-e2f1d9acc807,44.1900000,-73.4508700,95,173626.0317995
73e2a526-db66-4b6b-b4a0-e2f1d9acc807,44.1872900,-73.4518700,96,173937.5892124
73e2a526-db66-4b6b-b4a0-e2f1d9acc807,44.1820000,-73.4582400,97,174715.3587484
73e2a526-db66-4b6b-b4a0-e2f1d9acc807,44.1726400,-73.4549100,98,175788.9507263
73e2a526-db66-4b6b-b4a0-e2f1d9acc807,44.1685700,-73.4515600,99,176314.5953697
73e2a526-db66-4b6b-b4a0-e2f1d9acc807,44.1461600,-73.4470200,100,178831.0339774
73e2a526-db66-4b6b-b4a0-e2f1d9acc807,44.1409200,-73.4506200,101,179480.6313846
73e2a526-db66-4b6b-b4a0-e2f1d9acc807,44.1201000,-73.4483900,102,181800.9150105
73e2a526-db66-4b6b-b4a0-e2f1d9acc807,44.1178000,-73.4409600,103,182448.2391353
73e2a526-db66-4b6b-b4a0-e2f1d9acc807,44.1172600,-73.4394700,104,182581.7524643
73e2a526-db66-4b6b-b4a0-e2f1d9acc807,44.1164000,-73.4382900,105,182716.1162411
73e2a526-db66-4b6b-b4a0-e2f1d9acc807,44.1091600,-73.4360600,106,183540.1546597
73e2a526-db66-4b6b-b4a0-e2f1d9acc807,44.1069100,-73.4363200,107,183791.0270183
73e2a526-db66-4b6b-b4a0-e2f1d9acc807,44.1012100,-73.4461000,108,184798.1478105
73e2a526-db66-4b6b-b4a0-e2f1d9acc807,44.0996100,-73.4471600,109,184995.1515451
73e2a526-db66-4b6b-b4a0-e2f1d9acc807,44.0942400,-73.4450700,110,185614.8604468
73e2a526-db66-4b6b-b4a0-e2f1d9acc807,44.0919900,-73.4446000,111,185867.6843571
73e2a526-db66-4b6b-b4a0-e2f1d9acc807,44.0899000,-73.4451100,112,186103.4768548
73e2a526-db66-4b6b-b4a0-e2f1d9acc807,44.0856700,-73.4444700,113,186576.2754507
73e2a526-db66-4b6b-b4a0-e2f1d9acc807,44.0750400,-73.4476500,114,187784.5672424
73e2a526-db66-4b6b-b4a0-e2f1d9acc807,44.0702700,-73.4499100,115,188344.6476443
73e2a526-db66-4b6b-b4a0-e2f1d9acc807,44.0650800,-73.4503400,116,188922.3550854
73e2a526-db66-4b6b-b4a0-e2f1d9acc807,44.0617600,-73.4499100,117,189292.8571089
73e2a526-db66-4b6b-b4a0-e2f1d9acc807,44.0595300,-73.4506500,118,189547.6353220
73e2a526-db66-4b6b-b4a0-e2f1d9acc807,44.0573500,-73.4509400,119,189790.9745100
73e2a526-db66-4b6b-b4a0-e2f1d9acc807,44.0561500,-73.4515500,120,189932.9874058
73e2a526-db66-4b6b-b4a0-e2f1d9acc807,44.0535600,-73.4543900,121,190299.8797508
73e2a526-db66-4b6b-b4a0-e2f1d9acc807,44.0492800,-73.4567000,122,190810.2029733
73e2a526-db66-4b6b-b4a0-e2f1d9acc807,44.0449000,-73.4561800,123,191298.6596513
73e2a526-db66-4b6b-b4a0-e2f1d9acc807,44.0434700,-73.4564800,124,191459.3603004
73e2a526-db66-4b6b-b4a0-e2f1d9acc807,44.0422300,-73.4587800,125,191689.5018862
73e2a526-db66-4b6b-b4a0-e2f1d9acc807,44.0402300,-73.4610600,126,191977.2163286
73e2a526-db66-4b6b-b4a0-e2f1d9acc807,44.0341700,-73.4614500,127,192651.2861888
73e2a526-db66-4b6b-b4a0-e2f1d9acc807,44.0255700,-73.4579900,128,193646.2992636
73e2a526-db66-4b6b-b4a0-e2f1d9acc807,44.0231400,-73.4567400,129,193934.3018662
73e2a526-db66-4b6b-b4a0-e2f1d9acc807,44.0194000,-73.4572400,130,194351.7923873
73e2a526-db66-4b6b-b4a0-e2f1d9acc807,44.0151400,-73.4564200,131,194829.6767116
73e2a526-db66-4b6b-b4a0-e2f1d9acc807,44.0123000,-73.4534200,132,195226.4744341
73e2a526-db66-4b6b-b4a0-e2f1d9acc807,44.0096500,-73.4530700,133,195522.2571013
73e2a526-db66-4b6b-b4a0-e2f1d9acc807,44.0030300,-73.4565800,134,196309.8438776
73e2a526-db66-4b6b-b4a0-e2f1d9acc807,44.0003800,-73.4541000,135,196665.1786638
73e2a526-db66-4b6b-b4a0-e2f1d9acc807,43.9927900,-73.4387400,136,198158.2097523
73e2a526-db66-4b6b-b4a0-e2f1d9acc807,43.9833500,-73.4208000,137,199939.0651669
73e2a526-db66-4b6b-b4a0-e2f1d9acc807,43.9793300,-73.4219200,138,200394.6839982
73e2a526-db66-4b6b-b4a0-e2f1d9acc807,43.9737700,-73.4208000,139,201018.9675558
73e2a526-db66-4b6b-b4a0-e2f1d9acc807,43.9600500,-73.4136800,140,202646.9824204
73e2a526-db66-4b6b-b4a0-e2f1d9acc807,43.9519200,-73.4149000,141,203555.6100579
73e2a526-db66-4b6b-b4a0-e2f1d9acc807,43.9480500,-73.4171200,142,204021.0757822
73e2a526-db66-4b6b-b4a0-e2f1d9acc807,43.9461900,-73.4174400,143,204229.3330739
73e2a526-db66-4b6b-b4a0-e2f1d9acc807,43.9407100,-73.4175000,144,204838.2411632
73e2a526-db66-4b6b-b4a0-e2f1d9acc807,43.9383300,-73.4172100,145,205103.7085222
73e2a526-db66-4b6b-b4a0-e2f1d9acc807,43.9359500,-73.4153500,146,205407.4081399
73e2a526-db66-4b6b-b4a0-e2f1d9acc807,43.9339400,-73.4151100,147,205631.5710389
73e2a526-db66-4b6b-b4a0-e2f1d9acc807,43.9327600,-73.4157500,148,205772.3934105
73e2a526-db66-4b6b-b4a0-e2f1d9acc807,43.9316600,-73.4169000,149,205925.5772188
73e2a526-db66-4b6b-b4a0-e2f1d9acc807,43.9259400,-73.4190800,150,206584.7998254
73e2a526-db66-4b6b-b4a0-e2f1d9acc807,43.9126200,-73.4195900,151,208065.3606057
73e2a526-db66-4b6b-b4a0-e2f1d9acc807,43.9064700,-73.4173600,152,208771.7791344
73e2a526-db66-4b6b-b4a0-e2f1d9acc807,43.9044300,-73.4156000,153,209038.9258477
73e2a526-db66-4b6b-b4a0-e2f1d9acc807,43.9037800,-73.4138700,154,209195.5509470
73e2a526-db66-4b6b-b4a0-e2f1d9acc807,43.9020300,-73.4029300,155,210095.6885632
73e2a526-db66-4b6b-b4a0-e2f1d9acc807,43.9006700,-73.4001300,156,210366.6799718
73e2a526-db66-4b6b-b4a0-e2f1d9acc807,43.8980100,-73.3989000,157,210678.3163264
73e2a526-db66-4b6b-b4a0-e2f1d9acc807,43.8950700,-73.3980700,158,211011.7177680
73e2a526-db66-4b6b-b4a0-e2f1d9acc807,43.8912600,-73.3926400,159,211619.6371973
73e2a526-db66-4b6b-b4a0-e2f1d9acc807,43.8901900,-73.3919600,160,211750.4801020
73e2a526-db66-4b6b-b4a0-e2f1d9acc807,43.8880700,-73.3909800,161,211998.8481369
73e2a526-db66-4b6b-b4a0-e2f1d9acc807,43.8862200,-73.3905900,162,212206.7770774
73e2a526-db66-4b6b-b4a0-e2f1d9acc807,43.8846000,-73.3911900,163,212393.1212768
73e2a526-db66-4b6b-b4a0-e2f1d9acc807,43.8822300,-73.3918700,164,212662.0623452
73e2a526-db66-4b6b-b4a0-e2f1d9acc807,43.8775900,-73.3920400,165,213177.7932725
73e2a526-db66-4b6b-b4a0-e2f1d9acc807,43.8728600,-73.3933600,166,213713.9444154
73e2a526-db66-4b6b-b4a0-e2f1d9acc807,43.8709900,-73.3933200,167,213921.7445067
73e2a526-db66-4b6b-b4a0-e2f1d9acc807,43.8610000,-73.3945200,168,215035.9134013
73e2a526-db66-4b6b-b4a0-e2f1d9acc807,43.8586700,-73.3938800,169,215299.8620622
73e2a526-db66-4b6b-b4a0-e2f1d9acc807,43.8539000,-73.3898400,170,215921.4694662
73e2a526-db66-4b6b-b4a0-e2f1d9acc807,43.8527900,-73.3889600,171,216063.6556725
73e2a526-db66-4b6b-b4a0-e2f1d9acc807,43.8518400,-73.3884700,172,216176.3226905
73e2a526-db66-4b6b-b4a0-e2f1d9acc807,43.8498000,-73.3883400,173,216403.2266203
73e2a526-db66-4b6b-b4a0-e2f1d9acc807,43.8385200,-73.4011300,174,218024.5349378
73e2a526-db66-4b6b-b4a0-e2f1d9acc807,43.8354700,-73.4017300,175,218366.8359896
73e2a526-db66-4b6b-b4a0-e2f1d9acc807,43.8308400,-73.3990700,176,218923.9855252
73e2a526-db66-4b6b-b4a0-e2f1d9acc807,43.8233600,-73.4013700,177,219775.4232184
73e2a526-db66-4b6b-b4a0-e2f1d9acc807,43.8167400,-73.4006000,178,220513.5668196
73e2a526-db66-4b6b-b4a0-e2f1d9acc807,43.8093000,-73.3926000,179,221561.2530924
73e2a526-db66-4b6b-b4a0-e2f1d9acc807,43.8018700,-73.3811200,180,222800.1466902
73e2a526-db66-4b6b-b4a0-e2f1d9acc807,43.7949300,-73.3770000,181,223639.5027456
73e2a526-db66-4b6b-b4a0-e2f1d9acc807,43.7878100,-73.3702100,182,224601.0073484
73e2a526-db66-4b6b-b4a0-e2f1d9acc807,43.7811700,-73.3655800,183,225427.5594505
73e2a526-db66-4b6b-b4a0-e2f1d9acc807,43.7720800,-73.3637700,184,226447.9878276
73e2a526-db66-4b6b-b4a0-e2f1d9acc807,43.7653700,-73.3636800,185,227193.5558952
73e2a526-db66-4b6b-b4a0-e2f1d9acc807,43.7575600,-73.3672900,186,228108.7050946
73e2a526-db66-4b6b-b4a0-e2f1d9acc807,43.7531700,-73.3675300,187,228596.8496834
73e2a526-db66-4b6b-b4a0-e2f1d9acc807,43.7457900,-73.3717100,188,229483.2473056
73e2a526-db66-4b6b-b4a0-e2f1d9acc807,43.7411200,-73.3746000,189,230051.9468433
73e2a526-db66-4b6b-b4a0-e2f1d9acc807,43.7367800,-73.3733600,190,230544.3895607
73e2a526-db66-4b6b-b4a0-e2f1d9acc807,43.7348600,-73.3744200,191,230774.1722859
73e2a526-db66-4b6b-b4a0-e2f1d9acc807,43.7324700,-73.3736800,192,231046.3281762
73e2a526-db66-4b6b-b4a0-e2f1d9acc807,43.7306400,-73.3720500,193,231288.3765343
73e2a526-db66-4b6b-b4a0-e2f1d9acc807,43.7290500,-73.3717100,194,231467.1478681
73e2a526-db66-4b6b-b4a0-e2f1d9acc807,43.7275700,-73.3724100,195,231640.9894430
73e2a526-db66-4b6b-b4a0-e2f1d9acc807,43.7242200,-73.3758700,196,232106.0287174
73e2a526-db66-4b6b-b4a0-e2f1d9acc807,43.7219000,-73.3782800,197,232428.7600086
73e2a526-db66-4b6b-b4a0-e2f1d9acc807,43.7185400,-73.3795400,198,232815.6397862
73e2a526-db66-4b6b-b4a0-e2f1d9acc807,43.7163500,-73.3823000,199,233145.2998161
73e2a526-db66-4b6b-b4a0-e2f1d9acc807,43.7151100,-73.3869300,200,233543.0460573
73e2a526-db66-4b6b-b4a0-e2f1d9acc807,43.7142900,-73.3899100,201,233799.9037165
73e2a526-db66-4b6b-b4a0-e2f1d9acc807,43.7135200,-73.3910900,202,233927.8200436
73e2a526-db66-4b6b-b4a0-e2f1d9acc807,43.7123100,-73.3918800,203,234076.5729220
73e2a526-db66-4b6b-b4a0-e2f1d9acc807,43.7083700,-73.3930600,204,234524.5442068
73e2a526-db66-4b6b-b4a0-e2f1d9acc807,43.6982500,-73.3962200,205,235677.4305883
73e2a526-db66-4b6b-b4a0-e2f1d9acc807,43.6946100,-73.3988300,206,236133.3148159
73e2a526-db66-4b6b-b4a0-e2f1d9acc807,43.6927800,-73.4049500,207,236666.9484063
73e2a526-db66-4b6b-b4a0-e2f1d9acc807,43.6904900,-73.4063600,208,236945.6206884
73e2a526-db66-4b6b-b4a0-e2f1d9acc807,43.6828300,-73.4062000,209,237796.7913763
73e2a526-db66-4b6b-b4a0-e2f1d9acc807,43.6758100,-73.4082700,210,238594.4163518
73e2a526-db66-4b6b-b4a0-e2f1d9acc807,43.6707900,-73.4123600,211,239242.3976605
73e2a526-db66-4b6b-b4a0-e2f1d9acc807,43.6646400,-73.4140300,212,239938.8463159
73e2a526-db66-4b6b-b4a0-e2f1d9acc807,43.6558600,-73.4202600,213,241036.1830576
73e2a526-db66-4b6b-b4a0-e2f1d9acc807,43.6531600,-73.4232600,214,241421.6178214
73e2a526-db66-4b6b-b4a0-e2f1d9acc807,43.6504500,-73.4249000,215,241750.4996567
73e2a526-db66-4b6b-b4a0-e2f1d9acc807,43.6477200,-73.4290200,216,242200.4833882
73e2a526-db66-4b6b-b4a0-e2f1d9acc807,43.6398000,-73.4331100,217,243140.2805308
73e2a526-db66-4b6b-b4a0-e2f1d9acc807,43.6321000,-73.4322000,218,243998.9358235
73e2a526-db66-4b6b-b4a0-e2f1d9acc807,43.6205700,-73.4222300,219,245511.7269304
73e2a526-db66-4b6b-b4a0-e2f1d9acc807,43.6162600,-73.4231300,220,245996.0677408
73e2a526-db66-4b6b-b4a0-e2f1d9acc807,43.6127400,-73.4251200,221,246418.8626661
73e2a526-db66-4b6b-b4a0-e2f1d9acc807,43.6096700,-73.4269300,222,246789.9336692
73e2a526-db66-4b6b-b4a0-e2f1d9acc807,43.6028300,-73.4252000,223,247562.6172156
73e2a526-db66-4b6b-b4a0-e2f1d9acc807,43.5920800,-73.4310500,224,248847.0062908
73e2a526-db66-4b6b-b4a0-e2f1d9acc807,43.5870100,-73.4328500,225,249428.7583501
73e2a526-db66-4b6b-b4a0-e2f1d9acc807,43.5841800,-73.4313500,226,249765.7133550
73e2a526-db66-4b6b-b4a0-e2f1d9acc807,43.5797500,-73.4230200,227,250599.3195992
73e2a526-db66-4b6b-b4a0-e2f1d9acc807,43.5759700,-73.4159800,228,251306.2343555
73e2a526-db66-4b6b-b4a0-e2f1d9acc807,43.5737300,-73.4122500,229,251697.0253797
73e2a526-db66-4b6b-b4a0-e2f1d9acc807,43.5718600,-73.4082300,230,252082.5351327
73e2a526-db66-4b6b-b4a0-e2f1d9acc807,43.5711300,-73.4071000,231,252204.6444860
73e2a526-db66-4b6b-b4a0-e2f1d9acc807,43.5702200,-73.4064700,232,252317.8354917
73e2a526-db66-4b6b-b4a0-e2f1d9acc807,43.5650200,-73.4054100,233,252901.8871614
73e2a526-db66-4b6b-b4a0-e2f1d9acc807,43.5616900,-73.4047400,234,253275.8014803
73e2a526-db66-4b6b-b4a0-e2f1d9acc807,43.5587700,-73.4032200,235,253622.6911509
73e2a526-db66-4b6b-b4a0-e2f1d9acc807,43.5545700,-73.4035800,236,254090.2319796
73e2a526-db66-4b6b-b4a0-e2f1d9acc807,43.5402100,-73.4060300,237,255697.9153214
73e2a526-db66-4b6b-b4a0-e2f1d9acc807,43.5023700,-73.4156300,238,259973.0923348
73e2a526-db66-4b6b-b4a0-e2f1d9acc807,43.4496800,-73.4465400,239,266338.8871388
73e2a526-db66-4b6b-b4a0-e2f1d9acc807,43.4423300,-73.4472300,240,267157.3906356
73e2a526-db66-4b6b-b4a0-e2f1d9acc807,43.4351000,-73.4540900,241,268133.9517360
73e2a526-db66-4b6b-b4a0-e2f1d9acc807,43.4238800,-73.4822500,242,270732.5893207
73e2a526-db66-4b6b-b4a0-e2f1d9acc807,43.4188900,-73.4843100,243,271311.5383603
73e2a526-db66-4b6b-b4a0-e2f1d9acc807,43.3950700,-73.4894600,244,273990.6324666
73e2a526-db66-4b6b-b4a0-e2f1d9acc807,43.3736100,-73.4877400,245,276378.9135347
73e2a526-db66-4b6b-b4a0-e2f1d9acc807,43.3512700,-73.4980400,246,278997.5509459
73e2a526-db66-4b6b-b4a0-e2f1d9acc807,43.3280500,-73.5165800,247,281983.3925697
73e2a526-db66-4b6b-b4a0-e2f1d9acc807,43.2932000,-73.5560600,248,287008.3121211
73e2a526-db66-4b6b-b4a0-e2f1d9acc807,43.2698100,-73.5803900,249,290272.1341930
73e2a526-db66-4b6b-b4a0-e2f1d9acc807,43.2537100,-73.5945100,250,292396.6875494
73e2a526-db66-4b6b-b4a0-e2f1d9acc807,43.2319500,-73.6044700,251,294945.9231084
73e2a526-db66-4b6b-b4a0-e2f1d9acc807,43.1656200,-73.6882400,252,304978.8729148
73e2a526-db66-4b6b-b4a0-e2f1d9acc807,43.1275500,-73.7174200,253,309828.8584932
73e2a526-db66-4b6b-b4a0-e2f1d9acc807,43.1065000,-73.7884900,254,316067.8248396
73e2a526-db66-4b6b-b4a0-e2f1d9acc807,43.0825200,-73.8106700,255,319286.2220145
73e2a526-db66-4b6b-b4a0-e2f1d9acc807,43.0478200,-73.8180200,256,323187.3967792
73e2a526-db66-4b6b-b4a0-e2f1d9acc807,43.0199600,-73.8393100,257,326735.6099822
73e2a526-db66-4b6b-b4a0-e2f1d9acc807,42.9898300,-73.8400000,258,330083.3097513
73e2a526-db66-4b6b-b4a0-e2f1d9acc807,42.9053900,-73.8777700,259,339957.3493131
73e2a526-db66-4b6b-b4a0-e2f1d9acc807,42.8591000,-73.9069600,260,345625.7644548
73e2a526-db66-4b6b-b4a0-e2f1d9acc807,42.8402300,-73.9303000,261,348460.1999001
73e2a526-db66-4b6b-b4a0-e2f1d9acc807,42.8294000,-73.9251500,262,349734.8524738
73e2a526-db66-4b6b-b4a0-e2f1d9acc807,42.8144700,-73.9427400,263,351930.2889632
73e2a526-db66-4b6b-b4a0-e2f1d9acc807,42.7988000,-73.9354500,264,353770.3505663
73e2a526-db66-4b6b-b4a0-e2f1d9acc807,42.7286000,-73.8681600,265,363317.6782918
73e2a526-db66-4b6b-b4a0-e2f1d9acc807,42.6416900,-73.7416100,266,377487.3239690
73e2a526-db66-4b6b-b4a0-e2f1d9acc807,42.5257600,-73.7267100,267,390423.3199271
73e2a526-db66-4b6b-b4a0-e2f1d9acc807,42.3879700,-73.7486800,268,405835.6453704
73e2a526-db66-4b6b-b4a0-e2f1d9acc807,42.3098200,-73.7610400,269,414576.0875131
73e2a526-db66-4b6b-b4a0-e2f1d9acc807,42.2540500,-73.7982800,270,421490.6875405
73e2a526-db66-4b6b-b4a0-e2f1d9acc807,42.1119800,-73.8880700,271,438927.8303277
73e2a526-db66-4b6b-b4a0-e2f1d9acc807,41.9214100,-73.9519100,272,460745.6057587
73e2a526-db66-4b6b-b4a0-e2f1d9acc807,41.8818300,-73.9196500,273,465892.6724507
73e2a526-db66-4b6b-b4a0-e2f1d9acc807,41.8276200,-73.9278900,274,471952.5560970
73e2a526-db66-4b6b-b4a0-e2f1d9acc807,41.7062400,-73.9381300,275,485460.9447503
73e2a526-db66-4b6b-b4a0-e2f1d9acc807,41.5800100,-73.9443700,276,499490.4864196
73e2a526-db66-4b6b-b4a0-e2f1d9acc807,41.4648600,-73.9745800,277,512525.7186479
73e2a526-db66-4b6b-b4a0-e2f1d9acc807,41.3520700,-73.9196500,278,525867.8298591
73e2a526-db66-4b6b-b4a0-e2f1d9acc807,41.2566500,-73.9251400,279,536475.1245605
73e2a526-db66-4b6b-b4a0-e2f1d9acc807,41.1901000,-73.8831600,280,544661.4837972
73e2a526-db66-4b6b-b4a0-e2f1d9acc807,41.1745200,-73.8667700,281,546871.6740008
73e2a526-db66-4b6b-b4a0-e2f1d9acc807,41.0741800,-73.8626500,282,558020.4342169
73e2a526-db66-4b6b-b4a0-e2f1d9acc807,40.9752300,-73.8825600,283,569136.1161217
73e2a526-db66-4b6b-b4a0-e2f1d9acc807,40.9361600,-73.9032300,284,573810.9407230
73e2a526-db66-4b6b-b4a0-e2f1d9acc807,40.8948300,-73.9167200,285,578539.3288754
73e2a526-db66-4b6b-b4a0-e2f1d9acc807,40.8375800,-73.9474500,286,585404.5965533
73e2a526-db66-4b6b-b4a0-e2f1d9acc807,40.8117300,-73.9594600,287,588448.7896240
73e2a526-db66-4b6b-b4a0-e2f1d9acc807,40.7497200,-73.9920000,288,595862.6002718
73e2a526-db66-4b6b-b4a0-e2f1d9acc807,40.7497200,-73.9920000,289,595862.6002718
8eba3733-203a-49ee-a8a9-f87da015e655,42.6416900,-73.7413700,1,0.0000000
8eba3733-203a-49ee-a8a9-f87da015e655,42.4209200,-73.7491600,2,24532.2786327
8eba3733-203a-49ee-a8a9-f87da015e655,42.3006700,-73.7587700,3,37913.1246164
8eba3733-203a-49ee-a8a9-f87da015e655,42.2540500,-73.7980400,4,44021.3429466
8eba3733-203a-49ee-a8a9-f87da015e655,42.1028100,-73.9057200,5,63030.8286392
8eba3733-203a-49ee-a8a9-f87da015e655,41.9993000,-73.9201400,6,74589.9337087
8eba3733-203a-49ee-a8a9-f87da015e655,41.9214100,-73.9516900,7,83628.1055078
8eba3733-203a-49ee-a8a9-f87da015e655,41.8864300,-73.9174000,8,88443.7752857
8eba3733-203a-49ee-a8a9-f87da015e655,41.8076600,-73.9304600,9,97259.7578666
8eba3733-203a-49ee-a8a9-f87da015e655,41.5866900,-73.9332000,10,121803.3826292
8eba3733-203a-49ee-a8a9-f87da015e655,41.5378800,-73.9695900,11,128016.4624736
8eba3733-203a-49ee-a8a9-f87da015e655,41.4648600,-73.9737100,12,136133.6197595
8eba3733-203a-49ee-a8a9-f87da015e655,41.4236800,-73.9524200,13,141041.0420320
8eba3733-203a-49ee-a8a9-f87da015e655,41.2545800,-73.9270200,14,159941.3241363
8eba3733-203a-49ee-a8a9-f87da015e655,41.1901000,-73.8829600,15,167999.2273952
8eba3733-203a-49ee-a8a9-f87da015e655,41.1528100,-73.8556100,16,172734.0090073
8eba3733-203a-49ee-a8a9-f87da015e655,41.0358600,-73.8583700,17,185724.0466348
8eba3733-203a-49ee-a8a9-f87da015e655,40.8823700,-73.9078100,18,203270.4000848
8eba3733-203a-49ee-a8a9-f87da015e655,40.7497200,-73.9918100,19,219617.3379274
8eba3733-203a-49ee-a8a9-f87da015e655,40.7497200,-73.9918100,20,219617.3379274
8eba3733-203a-49ee-a8a9-f87da015e655,40.7497200,-73.9918100,21,219617.3379274
8eba3733-203a-49ee-a8a9-f87da015e655,40.7497200,-73.9918100,22,219617.3379274
9a59b792-cd9b-4f46-bb04-acfd33e17f95,43.1130800,-79.0315300,1,0.0000000
9a59b792-cd9b-4f46-bb04-acfd33e17f95,43.0939600,-78.9848300,2,4354.7473999
9a59b792-cd9b-4f46-bb04-acfd33e17f95,43.0879500,-78.9381400,3,8214.4628955
9a59b792-cd9b-4f46-bb04-acfd33e17f95,43.0458100,-78.8639800,4,15856.7326305
9a59b792-cd9b-4f46-bb04-acfd33e17f95,42.9825500,-78.9202900,5,24250.8980383
9a59b792-cd9b-4f46-bb04-acfd33e17f95,42.8782100,-78.8733700,6,36458.6090600
9a59b792-cd9b-4f46-bb04-acfd33e17f95,42.9073400,-78.7268500,7,48856.5280691
9a59b792-cd9b-4f46-bb04-acfd33e17f95,43.1636800,-77.6084800,8,144341.5296076
9a59b792-cd9b-4f46-bb04-acfd33e17f95,43.0809300,-77.5003100,9,157069.5385066
9a59b792-cd9b-4f46-bb04-acfd33e17f95,42.9644600,-77.3162800,10,176879.4284582
9a59b792-cd9b-4f46-bb04-acfd33e17f95,42.9745100,-76.8054200,11,218570.9429341
9a59b792-cd9b-4f46-bb04-acfd33e17f95,43.1090000,-76.4016700,12,254704.4425463
9a59b792-cd9b-4f46-bb04-acfd33e17f95,43.0528300,-76.1956800,13,272602.0835270
9a59b792-cd9b-4f46-bb04-acfd33e17f95,43.0768700,-76.1702300,14,275982.9275396
9a59b792-cd9b-4f46-bb04-acfd33e17f95,43.0836800,-76.1596300,15,277130.7513931
9a59b792-cd9b-4f46-bb04-acfd33e17f95,43.0871900,-76.1246100,16,280008.8941739
9a59b792-cd9b-4f46-bb04-acfd33e17f95,43.0608600,-76.0707100,17,285283.9694447
9a59b792-cd9b-4f46-bb04-acfd33e17f95,43.0811800,-75.9261700,18,297270.8015120
9a59b792-cd9b-4f46-bb04-acfd33e17f95,43.0786700,-75.7370000,19,312678.4183609
9a59b792-cd9b-4f46-bb04-acfd33e17f95,43.0942100,-75.6961400,20,316426.7523071
9a59b792-cd9b-4f46-bb04-acfd33e17f95,43.1162700,-75.6192400,21,323149.1865851
9a59b792-cd9b-4f46-bb04-acfd33e17f95,43.1658700,-75.5512600,22,330956.2185366
9a59b792-cd9b-4f46-bb04-acfd33e17f95,43.2009200,-75.4747000,23,338298.0873041
9a59b792-cd9b-4f46-bb04-acfd33e17f95,43.1998300,-75.4496800,24,340335.2027418
9a59b792-cd9b-4f46-bb04-acfd33e17f95,43.1886600,-75.3885300,25,345458.2648720
9a59b792-cd9b-4f46-bb04-acfd33e17f95,43.1628700,-75.3305100,26,350977.6849111
9a59b792-cd9b-4f46-bb04-acfd33e17f95,43.1177800,-75.2882800,27,357051.9400219
9a59b792-cd9b-4f46-bb04-acfd33e17f95,43.1048900,-75.2230500,28,362550.9733393
9a59b792-cd9b-4f46-bb04-acfd33e17f95,43.0857000,-75.1499600,29,368871.9530583
9a59b792-cd9b-4f46-bb04-acfd33e17f95,43.0698700,-75.1055600,30,372892.7878472
9a59b792-cd9b-4f46-bb04-acfd33e17f95,43.0666400,-75.0976900,31,373627.4061474
9a59b792-cd9b-4f46-bb04-acfd33e17f95,43.0633000,-75.0910000,32,374286.6739764
9a59b792-cd9b-4f46-bb04-acfd33e17f95,43.0480300,-75.0674700,33,376846.4371119
9a59b792-cd9b-4f46-bb04-acfd33e17f95,43.0445900,-75.0620400,34,377431.0706927
9a59b792-cd9b-4f46-bb04-acfd33e17f95,43.0358200,-75.0530000,35,378652.5017752
9a59b792-cd9b-4f46-bb04-acfd33e17f95,43.0295500,-75.0464600,36,379529.5840692
9a59b792-cd9b-4f46-bb04-acfd33e17f95,43.0164400,-75.0139700,37,382551.9289740
9a59b792-cd9b-4f46-bb04-acfd33e17f95,43.0227100,-74.9683100,38,386338.5251406
9a59b792-cd9b-4f46-bb04-acfd33e17f95,43.0272300,-74.9583500,39,387293.0911085
9a59b792-cd9b-4f46-bb04-acfd33e17f95,43.0227100,-74.9147500,40,390882.1380380
9a59b792-cd9b-4f46-bb04-acfd33e17f95,43.0262300,-74.8491800,41,396240.9439779
9a59b792-cd9b-4f46-bb04-acfd33e17f95,43.0302400,-74.8079800,42,399628.3144361
9a59b792-cd9b-4f46-bb04-acfd33e17f95,43.0046500,-74.7317600,43,406461.0984606
9a59b792-cd9b-4f46-bb04-acfd33e17f95,42.9936000,-74.6541600,44,412906.7426865
9a59b792-cd9b-4f46-bb04-acfd33e17f95,42.9328000,-74.5889400,45,421505.4519427
9a59b792-cd9b-4f46-bb04-acfd33e17f95,42.9116800,-74.4989800,46,429215.7714390
9a59b792-cd9b-4f46-bb04-acfd33e17f95,42.9463600,-74.4248200,47,436391.7188464
9a59b792-cd9b-4f46-bb04-acfd33e17f95,42.9554200,-74.3623400,48,441588.8454717
9a59b792-cd9b-4f46-bb04-acfd33e17f95,42.9564100,-74.2689500,49,449210.1916244
9a59b792-cd9b-4f46-bb04-acfd33e17f95,42.9535400,-74.2196800,50,453243.2696709
9a59b792-cd9b-4f46-bb04-acfd33e17f95,42.9296600,-74.1767800,51,457636.1772451
9a59b792-cd9b-4f46-bb04-acfd33e17f95,42.9236200,-74.1462200,52,460219.6880985
9a59b792-cd9b-4f46-bb04-acfd33e17f95,42.8862800,-74.0494100,53,469147.9588222
9a59b792-cd9b-4f46-bb04-acfd33e17f95,42.8144700,-73.9425000,54,480980.2258370
9a59b792-cd9b-4f46-bb04-acfd33e17f95,42.7431000,-73.8665900,55,491052.3322971
9a59b792-cd9b-4f46-bb04-acfd33e17f95,42.6652700,-73.7484800,56,504028.9816824
9a59b792-cd9b-4f46-bb04-acfd33e17f95,42.6555500,-73.7459100,57,505129.1064076
9a59b792-cd9b-4f46-bb04-acfd33e17f95,42.6525200,-73.7373300,58,505909.0122665
9a59b792-cd9b-4f46-bb04-acfd33e17f95,42.6416900,-73.7413800,59,507157.0747070
9a59b792-cd9b-4f46-bb04-acfd33e17f95,42.4660200,-73.7155300,60,526786.3555454
9a59b792-cd9b-4f46-bb04-acfd33e17f95,42.2540500,-73.7980500,61,551293.7891563
9a59b792-cd9b-4f46-bb04-acfd33e17f95,41.9214100,-73.9516900,62,590367.2969399
9a59b792-cd9b-4f46-bb04-acfd33e17f95,41.8879700,-73.9132800,63,595261.4496911
9a59b792-cd9b-4f46-bb04-acfd33e17f95,41.8266000,-73.9249500,64,602146.3813594
9a59b792-cd9b-4f46-bb04-acfd33e17f95,41.7062400,-73.9379100,65,615557.9829882
9a59b792-cd9b-4f46-bb04-acfd33e17f95,41.5949100,-73.8858100,66,628662.5681463
9a59b792-cd9b-4f46-bb04-acfd33e17f95,41.3293900,-73.8995500,67,658174.3095874
9a59b792-cd9b-4f46-bb04-acfd33e17f95,41.1901000,-73.8829500,68,673706.1343476
9a59b792-cd9b-4f46-bb04-acfd33e17f95,41.1124700,-73.8418700,69,682991.5372776
9a59b792-cd9b-4f46-bb04-acfd33e17f95,40.8823700,-73.8830700,70,708779.0845734
9a59b792-cd9b-4f46-bb04-acfd33e17f95,40.7497200,-73.9917900,71,726132.2713090
9a59b792-cd9b-4f46-bb04-acfd33e17f95,40.7497200,-73.9917900,72,726132.2713090
9a59b792-cd9b-4f46-bb04-acfd33e17f95,40.7497200,-73.9917900,73,726132.2713090
9cc42386-72ec-4949-b28b-bfd7adb44d0c,43.6057800,-72.9820500,1,0.0000000
9cc42386-72ec-4949-b28b-bfd7adb44d0c,43.6057800,-72.9820500,2,0.0000000
9cc42386-72ec-4949-b28b-bfd7adb44d0c,43.6057800,-72.9820500,3,0.0000000
9cc42386-72ec-4949-b28b-bfd7adb44d0c,43.6057800,-72.9820500,4,0.0000000
9cc42386-72ec-4949-b28b-bfd7adb44d0c,43.6075500,-72.9845400,5,281.2214477
9cc42386-72ec-4949-b28b-bfd7adb44d0c,43.6035700,-73.0062500,6,2088.9113053
9cc42386-72ec-4949-b28b-bfd7adb44d0c,43.6024000,-73.0151800,7,2821.5360452
9cc42386-72ec-4949-b28b-bfd7adb44d0c,43.5964300,-73.0209400,8,3631.6359453
9cc42386-72ec-4949-b28b-bfd7adb44d0c,43.5932000,-73.0321800,9,4607.6369271
9cc42386-72ec-4949-b28b-bfd7adb44d0c,43.5933800,-73.0374300,10,5032.0566144
9cc42386-72ec-4949-b28b-bfd7adb44d0c,43.6056300,-73.0653100,11,7662.6479858
9cc42386-72ec-4949-b28b-bfd7adb44d0c,43.6061300,-73.0793900,12,8800.7563583
9cc42386-72ec-4949-b28b-bfd7adb44d0c,43.6115300,-73.0960400,13,10272.7501924
9cc42386-72ec-4949-b28b-bfd7adb44d0c,43.6147000,-73.1210200,14,12319.8004162
9cc42386-72ec-4949-b28b-bfd7adb44d0c,43.6158400,-73.1304100,15,13088.2956556
9cc42386-72ec-4949-b28b-bfd7adb44d0c,43.6135200,-73.1542800,16,15032.3286105
9cc42386-72ec-4949-b28b-bfd7adb44d0c,43.6147600,-73.1666200,17,16037.9467403
9cc42386-72ec-4949-b28b-bfd7adb44d0c,43.6135900,-73.1714700,18,16450.4751326
9cc42386-72ec-4949-b28b-bfd7adb44d0c,43.6061300,-73.2029900,19,19126.6658327
9cc42386-72ec-4949-b28b-bfd7adb44d0c,43.5997200,-73.2485700,20,22875.0348197
9cc42386-72ec-4949-b28b-bfd7adb44d0c,43.5934800,-73.2568500,21,23838.1888941
9cc42386-72ec-4949-b28b-bfd7adb44d0c,43.5714400,-73.3276200,22,30056.4848170
9cc42386-72ec-4949-b28b-bfd7adb44d0c,43.5480500,-73.3928500,23,35932.7275580
9cc42386-72ec-4949-b28b-bfd7adb44d0c,43.4066700,-73.4855400,24,53338.6948024
9cc42386-72ec-4949-b28b-bfd7adb44d0c,43.3496500,-73.4997900,25,59778.0188727
9cc42386-72ec-4949-b28b-bfd7adb44d0c,43.3180600,-73.5289700,26,64010.9279023
9cc42386-72ec-4949-b28b-bfd7adb44d0c,43.2698100,-73.5802300,27,70796.1317954
9cc42386-72ec-4949-b28b-bfd7adb44d0c,43.0825200,-73.8105100,28,98787.3537422
9cc42386-72ec-4949-b28b-bfd7adb44d0c,42.8144700,-73.9425600,29,130455.4633848
9cc42386-72ec-4949-b28b-bfd7adb44d0c,42.6416900,-73.7414300,30,155748.5268197
9cc42386-72ec-4949-b28b-bfd7adb44d0c,42.5237400,-73.7375400,31,168854.8475024
9cc42386-72ec-4949-b28b-bfd7adb44d0c,42.2823900,-73.7718600,32,195812.7475985
9cc42386-72ec-4949-b28b-bfd7adb44d0c,42.2540500,-73.7980900,33,199632.7850859
9cc42386-72ec-4949-b28b-bfd7adb44d0c,42.1175800,-73.8913400,34,216636.4923483
9cc42386-72ec-4949-b28b-bfd7adb44d0c,41.9615300,-73.9078200,35,234023.2259969
9cc42386-72ec-4949-b28b-bfd7adb44d0c,41.9214100,-73.9517300,36,239777.9610867
9cc42386-72ec-4949-b28b-bfd7adb44d0c,41.8726300,-73.9037000,37,246504.1336274
9cc42386-72ec-4949-b28b-bfd7adb44d0c,41.7784800,-73.9160600,38,257011.6571626
9cc42386-72ec-4949-b28b-bfd7adb44d0c,41.7062400,-73.9379500,39,265239.2568842
9cc42386-72ec-4949-b28b-bfd7adb44d0c,41.5856600,-73.8913400,40,279183.2081677
9cc42386-72ec-4949-b28b-bfd7adb44d0c,41.1901000,-73.8830000,41,323120.1984094
9cc42386-72ec-4949-b28b-bfd7adb44d0c,41.1197100,-73.8419000,42,331664.8780976
9cc42386-72ec-4949-b28b-bfd7adb44d0c,40.9964800,-73.8679800,43,345524.6761356
9cc42386-72ec-4949-b28b-bfd7adb44d0c,40.9361600,-73.9030600,44,352845.4009123
9cc42386-72ec-4949-b28b-bfd7adb44d0c,40.8605600,-73.9174100,45,361327.5597775
9cc42386-72ec-4949-b28b-bfd7adb44d0c,40.7497100,-73.9918200,46,375146.3295873
9cc42386-72ec-4949-b28b-bfd7adb44d0c,40.7497100,-73.9918200,47,375146.3295873
c0fb634f-eaa5-4c23-97a7-255dc0bac351,40.7497200,-73.9917900,1,0.0000000
c0fb634f-eaa5-4c23-97a7-255dc0bac351,40.9550100,-73.8665800,2,25123.8046866
c0fb634f-eaa5-4c23-97a7-255dc0bac351,41.1424700,-73.8528400,3,45974.1710245
c0fb634f-eaa5-4c23-97a7-255dc0bac351,41.2003600,-73.8679500,4,52527.1201217
c0fb634f-eaa5-4c23-97a7-255dc0bac351,41.3623800,-73.9064000,5,70807.0066052
c0fb634f-eaa5-4c23-97a7-255dc0bac351,41.6113400,-73.9036600,6,98458.2801353
c0fb634f-eaa5-4c23-97a7-255dc0bac351,41.9214100,-73.9516900,7,133128.1717530
c0fb634f-eaa5-4c23-97a7-255dc0bac351,41.9656200,-73.9228800,8,138588.9899986
c0fb634f-eaa5-4c23-97a7-255dc0bac351,42.1735800,-73.8404800,9,162673.6818981
c0fb634f-eaa5-4c23-97a7-255dc0bac351,42.2540500,-73.7980500,10,172274.2016734
c0fb634f-eaa5-4c23-97a7-255dc0bac351,42.3006700,-73.7677000,11,178026.1234691
c0fb634f-eaa5-4c23-97a7-255dc0bac351,42.5470100,-73.7168900,12,205707.6045906
c0fb634f-eaa5-4c23-97a7-255dc0bac351,42.6416900,-73.7413800,13,216415.4644559
c0fb634f-eaa5-4c23-97a7-255dc0bac351,42.6416900,-73.7413800,14,216415.4644559
c0fb634f-eaa5-4c23-97a7-255dc0bac351,42.6416900,-73.7413800,15,216415.4644559
c1758e0f-fc55-403c-86d7-72b5fb28e283,40.7497200,-73.9918100,1,0.0000000
c1758e0f-fc55-403c-86d7-72b5fb28e283,40.7497200,-73.9918100,2,0.0000000
c1758e0f-fc55-403c-86d7-72b5fb28e283,40.7497200,-73.9918100,3,0.0000000
c1758e0f-fc55-403c-86d7-72b5fb28e283,40.7497200,-73.9918100,4,0.0000000
c1758e0f-fc55-403c-86d7-72b5fb28e283,40.8823700,-73.9078100,5,16346.9378426
c1758e0f-fc55-403c-86d7-72b5fb28e283,41.0358600,-73.8583700,6,33893.2912926
c1758e0f-fc55-403c-86d7-72b5fb28e283,41.1528100,-73.8556100,7,46883.3289201
c1758e0f-fc55-403c-86d7-72b5fb28e283,41.1901000,-73.8829600,8,51618.1105322
c1758e0f-fc55-403c-86d7-72b5fb28e283,41.2545800,-73.9270200,9,59676.0137911
c1758e0f-fc55-403c-86d7-72b5fb28e283,41.4236800,-73.9524200,10,78576.2958954
c1758e0f-fc55-403c-86d7-72b5fb28e283,41.4648600,-73.9737100,11,83483.7181679
c1758e0f-fc55-403c-86d7-72b5fb28e283,41.5378800,-73.9695900,12,91600.8754538
c1758e0f-fc55-403c-86d7-72b5fb28e283,41.5866900,-73.9332000,13,97813.9552982
c1758e0f-fc55-403c-86d7-72b5fb28e283,41.8076600,-73.9304600,14,122357.5800608
c1758e0f-fc55-403c-86d7-72b5fb28e283,41.8864300,-73.9174000,15,131173.5626417
c1758e0f-fc55-403c-86d7-72b5fb28e283,41.9214100,-73.9516900,16,135989.2324196
c1758e0f-fc55-403c-86d7-72b5fb28e283,41.9993000,-73.9201400,17,145027.4042187
c1758e0f-fc55-403c-86d7-72b5fb28e283,42.1028100,-73.9057200,18,156586.5092882
c1758e0f-fc55-403c-86d7-72b5fb28e283,42.2540500,-73.7980400,19,175595.9949808
c1758e0f-fc55-403c-86d7-72b5fb28e283,42.3006700,-73.7587700,20,181704.2133110
c1758e0f-fc55-403c-86d7-72b5fb28e283,42.4209100,-73.7491600,21,195083.9504299
c1758e0f-fc55-403c-86d7-72b5fb28e283,42.6416900,-73.7413700,22,219617.3395005
c1758e0f-fc55-403c-86d7-72b5fb28e283,42.6416900,-73.7413700,23,219617.3395005
c2f7b16f-7f21-4f4e-9f91-e4c491523116,42.6416900,-73.7413700,1,0.0000000
c2f7b16f-7f21-4f4e-9f91-e4c491523116,42.4209200,-73.7491600,2,24532.2786327
c2f7b16f-7f21-4f4e-9f91-e4c491523116,42.3006700,-73.7587700,3,37913.1246164
c2f7b16f-7f21-4f4e-9f91-e4c491523116,42.2540500,-73.7980400,4,44021.3429466
c2f7b16f-7f21-4f4e-9f91-e4c491523116,42.1028100,-73.9057200,5,63030.8286392
c2f7b16f-7f21-4f4e-9f91-e4c491523116,41.9993000,-73.9201400,6,74589.9337087
c2f7b16f-7f21-4f4e-9f91-e4c491523116,41.9214100,-73.9516900,7,83628.1055078
c2f7b16f-7f21-4f4e-9f91-e4c491523116,41.8864300,-73.9174000,8,88443.7752857
c2f7b16f-7f21-4f4e-9f91-e4c491523116,41.8076600,-73.9304600,9,97259.7578666
c2f7b16f-7f21-4f4e-9f91-e4c491523116,41.5866900,-73.9332000,10,121803.3826292
c2f7b16f-7f21-4f4e-9f91-e4c491523116,41.5378800,-73.9695900,11,128016.4624736
c2f7b16f-7f21-4f4e-9f91-e4c491523116,41.4648600,-73.9737100,12,136133.6197595
c2f7b16f-7f21-4f4e-9f91-e4c491523116,41.4236800,-73.9524200,13,141041.0420320
c2f7b16f-7f21-4f4e-9f91-e4c491523116,41.2545800,-73.9270200,14,159941.3241363
c2f7b16f-7f21-4f4e-9f91-e4c491523116,41.1901000,-73.8829600,15,167999.2273952
c2f7b16f-7f21-4f4e-9f91-e4c491523116,41.1528100,-73.8556100,16,172734.0090073
c2f7b16f-7f21-4f4e-9f91-e4c491523116,41.0358600,-73.8583700,17,185724.0466348
c2f7b16f-7f21-4f4e-9f91-e4c491523116,40.8823700,-73.9078100,18,203270.4000848
c2f7b16f-7f21-4f4e-9f91-e4c491523116,40.7497200,-73.9918100,19,219617.3379274
c2f7b16f-7f21-4f4e-9f91-e4c491523116,40.7497200,-73.9918100,20,219617.3379274
c2f7b16f-7f21-4f4e-9f91-e4c491523116,40.7497200,-73.9918100,21,219617.3379274
c2f7b16f-7f21-4f4e-9f91-e4c491523116,40.7497200,-73.9918100,22,219617.3379274
e8f8c325-766b-433f-89c7-17c7a8aa61e1,43.6057800,-72.9820500,1,0.0000000
e8f8c325-766b-433f-89c7-17c7a8aa61e1,43.6057800,-72.9820500,2,0.0000000
e8f8c325-766b-433f-89c7-17c7a8aa61e1,43.6057800,-72.9820500,3,0.0000000
e8f8c325-766b-433f-89c7-17c7a8aa61e1,43.6057800,-72.9820500,4,0.0000000
e8f8c325-766b-433f-89c7-17c7a8aa61e1,43.6075500,-72.9845400,5,281.2214477
e8f8c325-766b-433f-89c7-17c7a8aa61e1,43.6035700,-73.0062500,6,2088.9113053
e8f8c325-766b-433f-89c7-17c7a8aa61e1,43.6024000,-73.0151800,7,2821.5360452
e8f8c325-766b-433f-89c7-17c7a8aa61e1,43.5964300,-73.0209400,8,3631.6359453
e8f8c325-766b-433f-89c7-17c7a8aa61e1,43.5932000,-73.0321800,9,4607.6369271
e8f8c325-766b-433f-89c7-17c7a8aa61e1,43.5933800,-73.0374300,10,5032.0566144
e8f8c325-766b-433f-89c7-17c7a8aa61e1,43.6056300,-73.0653100,11,7662.6479858
e8f8c325-766b-433f-89c7-17c7a8aa61e1,43.6061300,-73.0793900,12,8800.7563583
e8f8c325-766b-433f-89c7-17c7a8aa61e1,43.6115300,-73.0960400,13,10272.7501924
e8f8c325-766b-433f-89c7-17c7a8aa61e1,43.6147000,-73.1210200,14,12319.8004162
e8f8c325-766b-433f-89c7-17c7a8aa61e1,43.6158400,-73.1304100,15,13088.2956556
e8f8c325-766b-433f-89c7-17c7a8aa61e1,43.6135200,-73.1542800,16,15032.3286105
e8f8c325-766b-433f-89c7-17c7a8aa61e1,43.6147600,-73.1666200,17,16037.9467403
e8f8c325-766b-433f-89c7-17c7a8aa61e1,43.6135900,-73.1714700,18,16450.4751326
e8f8c325-766b-433f-89c7-17c7a8aa61e1,43.6061300,-73.2029900,19,19126.6658327
e8f8c325-766b-433f-89c7-17c7a8aa61e1,43.5997200,-73.2485700,20,22875.0348197
e8f8c325-766b-433f-89c7-17c7a8aa61e1,43.5934800,-73.2568500,21,23838.1888941
e8f8c325-766b-433f-89c7-17c7a8aa61e1,43.5714400,-73.3276200,22,30056.4848170
e8f8c325-766b-433f-89c7-17c7a8aa61e1,43.5480500,-73.3928500,23,35932.7275580
e8f8c325-766b-433f-89c7-17c7a8aa61e1,43.4066700,-73.4855400,24,53338.6948024
e8f8c325-766b-433f-89c7-17c7a8aa61e1,43.3496500,-73.4997900,25,59778.0188727
e8f8c325-766b-433f-89c7-17c7a8aa61e1,43.3180600,-73.5289700,26,64010.9279023
e8f8c325-766b-433f-89c7-17c7a8aa61e1,43.2698100,-73.5802300,27,70796.1317954
e8f8c325-766b-433f-89c7-17c7a8aa61e1,43.0825200,-73.8105100,28,98787.3537422
e8f8c325-766b-433f-89c7-17c7a8aa61e1,42.8144700,-73.9425600,29,130455.4633848
e8f8c325-766b-433f-89c7-17c7a8aa61e1,42.6416900,-73.7414300,30,155748.5268197
e8f8c325-766b-433f-89c7-17c7a8aa61e1,42.5237400,-73.7375400,31,168854.8475024
e8f8c325-766b-433f-89c7-17c7a8aa61e1,42.2823900,-73.7718600,32,195812.7475985
e8f8c325-766b-433f-89c7-17c7a8aa61e1,42.2540500,-73.7980900,33,199632.7850859
e8f8c325-766b-433f-89c7-17c7a8aa61e1,42.1175800,-73.8913400,34,216636.4923483
e8f8c325-766b-433f-89c7-17c7a8aa61e1,41.9615300,-73.9078200,35,234023.2259969
e8f8c325-766b-433f-89c7-17c7a8aa61e1,41.9214100,-73.9517300,36,239777.9610867
e8f8c325-766b-433f-89c7-17c7a8aa61e1,41.8726300,-73.9037000,37,246504.1336274
e8f8c325-766b-433f-89c7-17c7a8aa61e1,41.7784800,-73.9160600,38,257011.6571626
e8f8c325-766b-433f-89c7-17c7a8aa61e1,41.7062400,-73.9379500,39,265239.2568842
e8f8c325-766b-433f-89c7-17c7a8aa61e1,41.5856600,-73.8913400,40,279183.2081677
e8f8c325-766b-433f-89c7-17c7a8aa61e1,41.1901000,-73.8830000,41,323120.1984094
e8f8c325-766b-433f-89c7-17c7a8aa61e1,41.1197100,-73.8419000,42,331664.8780976
e8f8c325-766b-433f-89c7-17c7a8aa61e1,40.9964800,-73.8679800,43,345524.6761356
e8f8c325-766b-433f-89c7-17c7a8aa61e1,40.9361600,-73.9030600,44,352845.4009123
e8f8c325-766b-433f-89c7-17c7a8aa61e1,40.8605600,-73.9174100,45,361327.5597775
e8f8c325-766b-433f-89c7-17c7a8aa61e1,40.7497100,-73.9918200,46,375146.3295873
e8f8c325-766b-433f-89c7-17c7a8aa61e1,40.7497100,-73.9918200,47,375146.3295873
f33207e5-cdc1-4264-9bcb-83fe1441b0dc,40.7497200,-73.9918100,1,0.0000000
f33207e5-cdc1-4264-9bcb-83fe1441b0dc,40.7497200,-73.9918100,2,0.0000000
f33207e5-cdc1-4264-9bcb-83fe1441b0dc,40.7497200,-73.9918100,3,0.0000000
f33207e5-cdc1-4264-9bcb-83fe1441b0dc,40.8823700,-73.8830900,4,17353.1867356
f33207e5-cdc1-4264-9bcb-83fe1441b0dc,41.1124700,-73.8418800,5,43140.8471480
f33207e5-cdc1-4264-9bcb-83fe1441b0dc,41.1901000,-73.8829600,6,52426.2500780
f33207e5-cdc1-4264-9bcb-83fe1441b0dc,41.3293900,-73.8995600,7,67958.0748382
f33207e5-cdc1-4264-9bcb-83fe1441b0dc,41.5949100,-73.8858200,8,97469.8162794
f33207e5-cdc1-4264-9bcb-83fe1441b0dc,41.7062400,-73.9379100,9,110574.1255749
f33207e5-cdc1-4264-9bcb-83fe1441b0dc,41.8266000,-73.9249500,10,123985.7272038
f33207e5-cdc1-4264-9bcb-83fe1441b0dc,41.8879700,-73.9132800,11,130870.6588720
f33207e5-cdc1-4264-9bcb-83fe1441b0dc,41.9214100,-73.9516900,12,135764.8116232
f33207e5-cdc1-4264-9bcb-83fe1441b0dc,42.2540500,-73.7980500,13,174838.3194069
f33207e5-cdc1-4264-9bcb-83fe1441b0dc,42.4660200,-73.7155300,14,199345.7530177
f33207e5-cdc1-4264-9bcb-83fe1441b0dc,42.6416900,-73.7413900,15,218975.1226995
f33207e5-cdc1-4264-9bcb-83fe1441b0dc,42.6525200,-73.7373300,16,220223.4036184
f33207e5-cdc1-4264-9bcb-83fe1441b0dc,42.6555500,-73.7459100,17,221003.3094773
f33207e5-cdc1-4264-9bcb-83fe1441b0dc,42.6652700,-73.7484800,18,222103.4342024
f33207e5-cdc1-4264-9bcb-83fe1441b0dc,42.7431000,-73.8665900,19,235080.0835877
f33207e5-cdc1-4264-9bcb-83fe1441b0dc,42.8144700,-73.9425000,20,245152.1900478
f33207e5-cdc1-4264-9bcb-83fe1441b0dc,42.8862800,-74.0494100,21,256984.4570626
f33207e5-cdc1-4264-9bcb-83fe1441b0dc,42.9236200,-74.1462200,22,265912.7277864
f33207e5-cdc1-4264-9bcb-83fe1441b0dc,42.9296600,-74.1767800,23,268496.2386398
f33207e5-cdc1-4264-9bcb-83fe1441b0dc,42.9535400,-74.2196800,24,272889.1462139
f33207e5-cdc1-4264-9bcb-83fe1441b0dc,42.9564100,-74.2689500,25,276922.2242605
f33207e5-cdc1-4264-9bcb-83fe1441b0dc,42.9554200,-74.3623400,26,284543.5704131
f33207e5-cdc1-4264-9bcb-83fe1441b0dc,42.9463600,-74.4248200,27,289740.6970384
f33207e5-cdc1-4264-9bcb-83fe1441b0dc,42.9116800,-74.4989800,28,296916.6444459
f33207e5-cdc1-4264-9bcb-83fe1441b0dc,42.9328000,-74.5889500,29,304627.7416648
f33207e5-cdc1-4264-9bcb-83fe1441b0dc,42.9936000,-74.6541600,30,313225.9460313
f33207e5-cdc1-4264-9bcb-83fe1441b0dc,43.0046500,-74.7317700,31,319672.3907555
f33207e5-cdc1-4264-9bcb-83fe1441b0dc,43.0302400,-74.8079900,32,326505.1747799
f33207e5-cdc1-4264-9bcb-83fe1441b0dc,43.0262300,-74.8492000,33,329893.3531970
f33207e5-cdc1-4264-9bcb-83fe1441b0dc,43.0227100,-74.9147600,34,335251.3462243
f33207e5-cdc1-4264-9bcb-83fe1441b0dc,43.0272300,-74.9583600,35,338840.3931538
f33207e5-cdc1-4264-9bcb-83fe1441b0dc,43.0227100,-74.9683300,36,339795.6524094
f33207e5-cdc1-4264-9bcb-83fe1441b0dc,43.0164400,-75.0139800,37,343581.4473387
f33207e5-cdc1-4264-9bcb-83fe1441b0dc,43.0295400,-75.0464700,38,346603.2572433
f33207e5-cdc1-4264-9bcb-83fe1441b0dc,43.0358100,-75.0530100,39,347480.3395889
f33207e5-cdc1-4264-9bcb-83fe1441b0dc,43.0445800,-75.0620500,40,348701.7707422
f33207e5-cdc1-4264-9bcb-83fe1441b0dc,43.0480100,-75.0674800,41,349285.6788146
f33207e5-cdc1-4264-9bcb-83fe1441b0dc,43.0632800,-75.0910100,42,351845.4424127
f33207e5-cdc1-4264-9bcb-83fe1441b0dc,43.0666300,-75.0977000,43,352505.3362572
f33207e5-cdc1-4264-9bcb-83fe1441b0dc,43.0698600,-75.1055700,44,353239.9546480
f33207e5-cdc1-4264-9bcb-83fe1441b0dc,43.0857000,-75.1499700,45,357261.2757258
f33207e5-cdc1-4264-9bcb-83fe1441b0dc,43.1048900,-75.2230500,46,363581.4890063
f33207e5-cdc1-4264-9bcb-83fe1441b0dc,43.1177800,-75.2882800,47,369080.5223237
f33207e5-cdc1-4264-9bcb-83fe1441b0dc,43.1628700,-75.3305100,48,375154.7774345
f33207e5-cdc1-4264-9bcb-83fe1441b0dc,43.1886600,-75.3885300,49,380674.1974736
f33207e5-cdc1-4264-9bcb-83fe1441b0dc,43.1998300,-75.4496800,50,385797.2596038
f33207e5-cdc1-4264-9bcb-83fe1441b0dc,43.2009200,-75.4747000,51,387834.3750415
f33207e5-cdc1-4264-9bcb-83fe1441b0dc,43.1658700,-75.5512600,52,395176.2438090
f33207e5-cdc1-4264-9bcb-83fe1441b0dc,43.1162700,-75.6192500,53,402983.8520897
f33207e5-cdc1-4264-9bcb-83fe1441b0dc,43.0942100,-75.6961400,54,409705.5283794
f33207e5-cdc1-4264-9bcb-83fe1441b0dc,43.0786700,-75.7370000,55,413453.8623257
f33207e5-cdc1-4264-9bcb-83fe1441b0dc,43.0811800,-75.9261700,56,428861.4791745
f33207e5-cdc1-4264-9bcb-83fe1441b0dc,43.0608600,-76.0707200,57,440849.1111387
f33207e5-cdc1-4264-9bcb-83fe1441b0dc,43.0871900,-76.1246100,58,446123.5086817
f33207e5-cdc1-4264-9bcb-83fe1441b0dc,43.0836800,-76.1596400,59,449002.4582357
f33207e5-cdc1-4264-9bcb-83fe1441b0dc,43.0768700,-76.1702300,60,450149.6697938
f33207e5-cdc1-4264-9bcb-83fe1441b0dc,43.0528300,-76.1956900,61,453531.0133266
f33207e5-cdc1-4264-9bcb-83fe1441b0dc,43.1090000,-76.4016800,62,471428.6543073
f33207e5-cdc1-4264-9bcb-83fe1441b0dc,42.9745100,-76.8054300,63,507562.1539195
f33207e5-cdc1-4264-9bcb-83fe1441b0dc,42.9644600,-77.3162900,64,549253.6683954
f33207e5-cdc1-4264-9bcb-83fe1441b0dc,43.0809300,-77.5003200,65,569063.5583470
f33207e5-cdc1-4264-9bcb-83fe1441b0dc,43.1636800,-77.6084900,66,581791.5672460
f33207e5-cdc1-4264-9bcb-83fe1441b0dc,42.9073400,-78.7268600,67,677276.5687846
f33207e5-cdc1-4264-9bcb-83fe1441b0dc,42.8782100,-78.8733800,68,689674.4877936
f33207e5-cdc1-4264-9bcb-83fe1441b0dc,42.9825500,-78.9203000,69,701882.1988153
f33207e5-cdc1-4264-9bcb-83fe1441b0dc,43.0458100,-78.8639900,70,710276.3642232
f33207e5-cdc1-4264-9bcb-83fe1441b0dc,43.0879500,-78.9381500,71,717918.6339581
f33207e5-cdc1-4264-9bcb-83fe1441b0dc,43.0939600,-78.9848400,72,721778.3494537
f33207e5-cdc1-4264-9bcb-83fe1441b0dc,43.1130800,-79.0315400,73,726133.0968536
f33207e5-cdc1-4264-9bcb-83fe1441b0dc,43.1130800,-79.0315400,74,726133.0968536
f9e86c88-eeb3-4370-9b02-e5a75912c8cb,40.7497200,-73.9918100,1,0.0000000
f9e86c88-eeb3-4370-9b02-e5a75912c8cb,40.7497200,-73.9918100,2,0.0000000
f9e86c88-eeb3-4370-9b02-e5a75912c8cb,40.7497200,-73.9918100,3,0.0000000
f9e86c88-eeb3-4370-9b02-e5a75912c8cb,40.7497200,-73.9918100,4,0.0000000
f9e86c88-eeb3-4370-9b02-e5a75912c8cb,40.8823700,-73.9078100,5,16346.9378426
f9e86c88-eeb3-4370-9b02-e5a75912c8cb,41.0358600,-73.8583700,6,33893.2912926
f9e86c88-eeb3-4370-9b02-e5a75912c8cb,41.1528100,-73.8556100,7,46883.3289201
f9e86c88-eeb3-4370-9b02-e5a75912c8cb,41.1901000,-73.8829600,8,51618.1105322
f9e86c88-eeb3-4370-9b02-e5a75912c8cb,41.2545800,-73.9270200,9,59676.0137911
f9e86c88-eeb3-4370-9b02-e5a75912c8cb,41.4236800,-73.9524200,10,78576.2958954
f9e86c88-eeb3-4370-9b02-e5a75912c8cb,41.4648600,-73.9737100,11,83483.7181679
f9e86c88-eeb3-4370-9b02-e5a75912c8cb,41.5378800,-73.9695900,12,91600.8754538
f9e86c88-eeb3-4370-9b02-e5a75912c8cb,41.5866900,-73.9332000,13,97813.9552982
f9e86c88-eeb3-4370-9b02-e5a75912c8cb,41.8076600,-73.9304600,14,122357.5800608
f9e86c88-eeb3-4370-9b02-e5a75912c8cb,41.8864300,-73.9174000,15,131173.5626417
f9e86c88-eeb3-4370-9b02-e5a75912c8cb,41.9214100,-73.9516900,16,135989.2324196
f9e86c88-eeb3-4370-9b02-e5a75912c8cb,41.9993000,-73.9201400,17,145027.4042187
f9e86c88-eeb3-4370-9b02-e5a75912c8cb,42.1028100,-73.9057200,18,156586.5092882
f9e86c88-eeb3-4370-9b02-e5a75912c8cb,42.2540500,-73.7980400,19,175595.9949808
f9e86c88-eeb3-4370-9b02-e5a75912c8cb,42.3006700,-73.7587700,20,181704.2133110
f9e86c88-eeb3-4370-9b02-e5a75912c8cb,42.4209100,-73.7491600,21,195083.9504299
f9e86c88-eeb3-4370-9b02-e5a75912c8cb,42.6416900,-73.7413700,22,219617.3395005
f9e86c88-eeb3-4370-9b02-e5a75912c8cb,42.6416900,-73.7413700,23,219617.3395005
