route_id,service_id,trip_id,trip_short_name,direction_id,shape_id,trip_headsign
36930,107440034267,7,1002,1,271,New Orleans
36930,104140714267,21681,1,0,269,Los Angeles
36930,204132673287,21676,1,0,269,Los Angeles
36930,104032893291,21677,1,0,269,Los Angeles
36930,104132943305,21678,1,0,269,Los Angeles
36930,104133084066,21679,1,0,269,Los Angeles
36930,100140694069,21680,1,0,269,Los Angeles
36930,107440704267,21697,2,1,271,New Orleans
36930,207432673288,21692,2,1,271,New Orleans
36930,100832913291,21693,2,1,271,New Orleans
36930,107432933305,21694,2,1,271,New Orleans
36930,100233073307,21695,2,1,271,New Orleans
36930,107433094068,21696,2,1,271,New Orleans
51,100140694069,14017,1003,0,270,Los Angeles
51,100140694069,14021,1004,1,118,Chicago
51,112740704267,14608,3,0,270,Los Angeles
51,112740704267,14615,4,1,118,Chicago
51,212732673307,14604,3,0,270,Los Angeles
51,112733084067,14605,3,0,270,Los Angeles
51,100240684068,14606,3,0,270,Los Angeles
51,212732673307,14611,4,1,118,Chicago
51,112733084067,14612,4,1,118,Chicago
51,100240684068,14613,4,1,118,Chicago
96,100140694069,14025,1005,0,173,Emeryville
96,100140694069,14029,1006,1,174,Chicago
96,112740704267,21280,6,1,174,Chicago
96,112732683275,21273,6,1,174,Chicago
96,103032763279,21274,6,1,174,Chicago
96,106532803281,21275,6,1,174,Chicago
96,104832823283,21276,6,1,174,Chicago
96,112732844067,21277,6,1,174,Chicago
96,100240684068,21278,6,1,174,Chicago
96,112740704267,21296,5,0,173,Emeryville
96,112732683279,21291,5,0,173,Emeryville
96,106532803281,21292,5,0,173,Emeryville
96,112732824067,21293,5,0,173,Emeryville
96,100240684068,21294,5,0,173,Emeryville
75,100140694069,14033,1007,0,184,Seattle
75,100140694069,14037,1008,1,186,Chicago
75,100140694069,14041,1027,0,241,Portland
75,100140694069,14045,1028,1,243,Chicago
75,112741184267,20640,27,0,241,Portland
75,112741184267,20654,7,0,184,Seattle
75,212732673279,20635,27,0,241,Portland
75,112732804067,20636,27,0,241,Portland
75,100240684068,20637,27,0,241,Portland
75,112740704117,20639,27,0,241,Portland
75,212732673279,20649,7,0,184,Seattle
75,112732804067,20650,7,0,184,Seattle
75,100240684068,20651,7,0,184,Seattle
75,112740704117,20653,7,0,184,Seattle
75,112741184267,21620,28,1,243,Chicago
75,112741184267,21627,8,1,186,Chicago
75,212732673279,21615,28,1,243,Chicago
75,112732804067,21616,28,1,243,Chicago
75,100240684068,21617,28,1,243,Chicago
75,112740704117,21619,28,1,243,Chicago
75,212732673279,21622,8,1,186,Chicago
75,112732804067,21623,8,1,186,Chicago
75,100240684068,21624,8,1,186,Chicago
75,112740704117,21626,8,1,186,Chicago
36924,112740024267,34,1011,1,314,Los Angeles
36924,112740024267,37,1014,0,,Seattle
36924,112740704267,14601,14,0,,Seattle
36924,212732674068,14599,14,0,,Seattle
36924,100140694069,14600,14,0,,Seattle
36924,112740704267,21599,11,1,314,Los Angeles
36924,212732674068,21597,11,1,314,Los Angeles
36924,100140694069,21598,11,1,314,Los Angeles
36923,112740024267,40,1019,1,242,New Orleans
36923,112740024267,43,1020,0,244,New York
36923,112740704267,16391,19,1,242,New Orleans
36923,212732674068,16389,19,1,242,New Orleans
36923,100140694069,16390,19,1,242,New Orleans
36923,112440014267,20604,20,0,244,New York
36923,100340754267,20606,20,0,244,New York
36923,212432673325,20598,20,0,244,New York
36923,200332674068,20599,20,0,244,New York
36923,100833263326,20600,20,0,244,New York
36923,112433273355,20601,20,0,244,New York
36923,106433583365,20602,20,0,244,New York
36923,106033593362,20603,20,0,244,New York
36923,100140694069,20605,20,0,244,New York
81,112740024267,55,1048,1,127,New York
81,112740024267,58,1049,0,128,Chicago
81,112740024267,269,1448,1,126,Boston
81,112740024267,272,1449,0,125,Chicago
81,112740704267,21155,449,0,125,Chicago
81,112740704267,21167,49,0,128,Chicago
81,212732673272,21151,449,0,125,Chicago
81,106532733274,21152,449,0,125,Chicago
81,112732754068,21153,449,0,125,Chicago
81,100140694069,21154,449,0,125,Chicago
81,212732673272,21163,49,0,128,Chicago
81,106532733274,21164,49,0,128,Chicago
81,112732754068,21165,49,0,128,Chicago
81,100140694069,21166,49,0,128,Chicago
81,112740704267,21503,448,1,126,Boston
81,112740704267,21508,48,1,127,New York
81,212732673271,21499,448,1,126,Boston
81,100332723273,21500,448,1,126,Boston
81,112732744068,21501,448,1,126,Boston
81,100140694069,21502,448,1,126,Boston
81,212732673271,21504,48,1,127,New York
81,100332723273,21505,48,1,127,New York
81,112732744068,21506,48,1,127,New York
81,100140694069,21507,48,1,127,New York
58,102140024267,61,1050,1,187,New York
58,107440034267,64,1051,0,188,Chicago
58,307432674267,21493,51,0,188,Chicago
58,102140724267,21513,50,1,187,New York
58,202132674067,21511,50,1,187,New York
58,100140694069,21512,50,1,187,New York
42946,112740024267,67,1058,0,,Chicago
42946,112740024267,72,1059,1,,New Orleans
42946,112740704267,14161,58,0,,Chicago
42946,212732674068,14159,58,0,,Chicago
42946,100140694069,14160,58,0,,Chicago
42946,112740704267,21523,59,1,,New Orleans
42946,212732674068,21521,59,1,,New Orleans
42946,100140694069,21522,59,1,,New Orleans
70,112740024267,75,1091,1,116,Miami
70,112740024267,78,1092,0,115,New York
70,112740704267,20939,91,1,116,Miami
70,112740704267,20944,92,0,115,New York
70,212732673274,20936,91,1,116,Miami
70,112732754068,20937,91,1,116,Miami
70,100140694069,20938,91,1,116,Miami
70,212732674068,20942,92,0,115,New York
70,100140694069,20943,92,0,115,New York
42947,112740024267,81,1097,1,,Miami
42947,112740024267,84,1098,0,,New York
42947,112740704267,20949,97,1,,Miami
42947,312632674267,20953,98,0,,New York
42947,100140764267,20955,98,0,,New York
42947,212732674068,20947,97,1,,Miami
42947,100140694069,20948,97,1,,Miami
42947,200132674062,20951,98,0,,New York
42947,100140694069,20954,98,0,,New York
88,106432814267,14948,120,0,237,New York
88,206432673274,14947,120,0,237,New York
88,106433584267,14999,154,0,264,Boston
88,206432673274,14997,154,0,264,Boston
88,106432813351,14998,154,0,264,Boston
88,112732754267,16269,66,0,,Boston
88,212732673274,16268,66,0,,Boston
88,112733214267,16298,151,1,,Roanoke
88,212732673274,16296,151,1,,Roanoke
88,112732753320,16297,151,1,,Roanoke
88,306432674267,17630,121,1,267,Washington
88,106432814267,17635,122,0,237,New York
88,106533574267,17661,87,1,,Norfolk
88,100533273329,17631,121,1,267,Washington
88,206432673274,17634,122,0,237,New York
88,100533273329,17636,122,0,237,New York
88,206532673351,17659,87,1,,Norfolk
88,100433273327,17660,87,1,,Norfolk
88,106532804267,17675,140,0,258,Springfield
88,100132804267,17687,147,1,,Roanoke
88,206532673274,17674,140,0,258,Springfield
88,100433273327,17676,140,0,258,Springfield
88,200132673273,17686,147,1,,Roanoke
88,100433273327,17688,147,1,,Roanoke
88,106533574267,17694,150,0,,Boston
88,206532673351,17692,150,0,,Boston
88,100433273327,17693,150,0,,Boston
88,106233284267,17718,111,1,267,Washington
88,106233524267,17727,137,1,260,Washington
88,106533574267,17747,160,0,264,Boston
88,106533574267,17772,164,0,,Boston
88,100133574267,17787,168,0,264,Boston
88,106233524267,17799,171,1,,Roanoke
88,106233524267,17807,173,1,260,Washington
88,106233524267,17814,175,1,260,Washington
88,106233524267,17826,183,1,267,Washington
88,106233284267,17833,185,1,267,Washington
88,100133574267,17841,194,0,90,Boston
88,106533574267,17845,195,1,,Richmond
88,106233524267,17853,85,1,,Richmond
88,106233524267,17867,95,1,,Norfolk
88,206232673272,17715,111,1,267,Washington
88,106232753326,17716,111,1,267,Washington
88,206232673272,17722,137,1,260,Washington
88,106232753320,17723,137,1,260,Washington
88,105833213326,17724,137,1,260,Washington
88,106233283349,17726,137,1,260,Washington
88,206532673274,17744,160,0,264,Boston
88,106532803351,17745,160,0,264,Boston
88,100433273327,17746,160,0,264,Boston
88,206532673274,17769,164,0,,Boston
88,106532803351,17770,164,0,,Boston
88,100433273327,17771,164,0,,Boston
88,200132673273,17784,168,0,264,Boston
88,100132803350,17785,168,0,264,Boston
88,100433273327,17786,168,0,264,Boston
88,206232673272,17795,171,1,,Roanoke
88,106232753326,17796,171,1,,Roanoke
88,106233283349,17798,171,1,,Roanoke
88,206232673272,17803,173,1,260,Washington
88,106232753326,17804,173,1,260,Washington
88,106233283349,17806,173,1,260,Washington
88,206232673272,17810,175,1,260,Washington
88,106232753326,17811,175,1,260,Washington
88,106233283349,17813,175,1,260,Washington
88,206232673272,17822,183,1,267,Washington
88,106232753326,17823,183,1,267,Washington
88,106233283349,17825,183,1,267,Washington
88,206232673272,17830,185,1,267,Washington
88,106232753326,17831,185,1,267,Washington
88,200132673273,17838,194,0,90,Boston
88,100132803350,17839,194,0,90,Boston
88,100433273327,17840,194,0,90,Boston
88,206532673351,17843,195,1,,Richmond
88,100433273327,17844,195,1,,Richmond
88,206232673272,17849,85,1,,Richmond
88,106232753326,17850,85,1,,Richmond
88,106233283349,17852,85,1,,Richmond
88,206232673272,17863,95,1,,Norfolk
88,106232753326,17864,95,1,,Norfolk
88,106233283349,17866,95,1,,Norfolk
88,106233284267,17874,125,1,,Newport News
88,106233284267,17888,130,0,237,New York
88,106233284267,17893,134,0,237,New York
88,106233284267,17900,136,0,258,Springfield
88,106233284267,17907,138,0,,New York
88,106233524267,17916,148,0,258,Springfield
88,106233524267,17925,170,0,264,Boston
88,106233524267,17931,172,0,264,Boston
88,106233524267,17937,174,0,90,Boston
88,106233524267,17945,176,0,,Boston
88,106233524267,17953,178,0,264,Boston
88,106233524267,17962,184,0,264,Boston
88,106233284267,17967,187,1,267,Washington
88,106233284267,17976,190,0,264,Boston
88,106233314267,17989,84,0,,New York
88,106233524267,17997,86,0,,Boston
88,106233524267,18005,94,0,,Boston
88,206232673272,17871,125,1,,Newport News
88,106232753326,17872,125,1,,Newport News
88,206232673272,17885,130,0,237,New York
88,106232753326,17886,130,0,237,New York
88,206232673272,17890,134,0,237,New York
88,106232753326,17891,134,0,237,New York
88,206232673272,17897,136,0,258,Springfield
88,106232753326,17898,136,0,258,Springfield
88,206232673320,17904,138,0,,New York
88,105833213326,17905,138,0,,New York
88,206232673272,17911,148,0,258,Springfield
88,106232753320,17912,148,0,258,Springfield
88,105833213326,17913,148,0,258,Springfield
88,106233283349,17915,148,0,258,Springfield
88,206232673272,17920,170,0,264,Boston
88,106232753320,17921,170,0,264,Boston
88,105833213326,17922,170,0,264,Boston
88,106233283349,17924,170,0,264,Boston
88,206232673326,17928,172,0,264,Boston
88,106233283349,17930,172,0,264,Boston
88,206232673326,17934,174,0,90,Boston
88,106233283349,17936,174,0,90,Boston
88,206232673272,17941,176,0,,Boston
88,106232753326,17942,176,0,,Boston
88,106233283349,17944,176,0,,Boston
88,206232673272,17949,178,0,264,Boston
88,106232753326,17950,178,0,264,Boston
88,106233283349,17952,178,0,264,Boston
88,206232673272,17957,184,0,264,Boston
88,106232753320,17958,184,0,264,Boston
88,105833213326,17959,184,0,264,Boston
88,106233283349,17961,184,0,264,Boston
88,206232673272,17964,187,1,267,Washington
88,106232753326,17965,187,1,267,Washington
88,206232673272,17972,190,0,264,Boston
88,106232753320,17973,190,0,264,Boston
88,105833213326,17974,190,0,264,Boston
88,206232673320,17985,84,0,,New York
88,105833213326,17986,84,0,,New York
88,100233283328,17988,84,0,237,New York
88,206232673320,17993,86,0,,Boston
88,105833213326,17994,86,0,,Boston
88,106233283349,17996,86,0,,Boston
88,206232673272,18001,94,0,,Boston
88,106232753326,18002,94,0,,Boston
88,106233283349,18004,94,0,,Boston
88,106233284267,18012,186,0,,New York
88,206232673272,18009,186,0,,New York
88,106232753326,18010,186,0,,New York
88,206232673272,18428,127,1,267,Washington
88,106232753307,18429,127,1,267,Washington
88,106233524267,18687,179,1,282,New York
88,206232673326,18684,179,1,282,New York
88,106233283349,18686,179,1,282,New York
88,106233284267,18963,129,1,267,Washington
88,106233103326,18961,129,1,267,Washington
88,106433303330,18979,113,1,267,Washington
88,100133293329,18980,119,1,267,Washington
88,100133293329,18981,118,0,237,New York
88,106433303330,18983,114,0,237,New York
88,100133293329,18984,112,0,237,New York
88,106432814267,20829,139,1,260,Washington
88,106533574267,20834,165,1,260,Washington
88,100132804267,20837,167,1,260,Washington
88,106532804267,20841,169,1,260,Washington
88,106233524267,20848,177,1,260,Washington
88,106233284267,20853,193,1,267,Washington
88,206432673274,20828,139,1,260,Washington
88,206532673274,20831,165,1,260,Washington
88,106532803351,20832,165,1,260,Washington
88,100433273327,20833,165,1,260,Washington
88,200132673273,20836,167,1,260,Washington
88,100433273327,20838,167,1,260,Washington
88,206532673274,20840,169,1,260,Washington
88,100433273327,20842,169,1,260,Washington
88,206232673272,20844,177,1,260,Washington
88,106232753326,20845,177,1,260,Washington
88,106233283349,20847,177,1,260,Washington
88,206232673272,20850,193,1,267,Washington
88,106232753326,20851,193,1,267,Washington
88,106533574267,20961,135,1,260,Washington
88,206532673274,20957,135,1,260,Washington
88,106532803309,20958,135,1,260,Washington
88,106533153351,20959,135,1,260,Washington
88,100433273327,20960,135,1,260,Washington
88,106533154267,20976,143,1,259,Washington
88,106533154267,20981,153,1,158,Norfolk
88,106533154267,20986,155,1,267,Washington
88,106533574267,20993,161,1,260,Washington
88,106533574267,21014,99,1,84,Newport News
88,206532673274,20974,143,1,259,Washington
88,106532803309,20975,143,1,259,Washington
88,100433273327,20977,143,1,259,Washington
88,206532673274,20979,153,1,158,Norfolk
88,106532803309,20980,153,1,158,Norfolk
88,100433273327,20982,153,1,158,Norfolk
88,206532673274,20984,155,1,267,Washington
88,106532803309,20985,155,1,267,Washington
88,100433273327,20987,155,1,267,Washington
88,206532673274,20989,161,1,260,Washington
88,106532803309,20990,161,1,260,Washington
88,106533153351,20991,161,1,260,Washington
88,100433273327,20992,161,1,260,Washington
88,206532673274,21010,99,1,84,Newport News
88,106532803309,21011,99,1,84,Newport News
88,106533153351,21012,99,1,84,Newport News
88,100433273327,21013,99,1,84,Newport News
88,106433584267,21019,145,1,,Roanoke
88,106433584267,21023,149,1,260,Washington
88,106433164267,21027,157,1,,Norfolk
88,100133574267,21031,163,1,260,Washington
88,106433164267,21035,189,1,267,Washington
88,206432673274,21016,145,1,,Roanoke
88,106432813309,21017,145,1,,Roanoke
88,106433163351,21018,145,1,,Roanoke
88,206432673274,21020,149,1,260,Washington
88,106432813309,21021,149,1,260,Washington
88,106433163351,21022,149,1,260,Washington
88,206432673274,21025,157,1,,Norfolk
88,106432813309,21026,157,1,,Norfolk
88,200132673308,21028,163,1,260,Washington
88,100133153350,21029,163,1,260,Washington
88,100433273327,21030,163,1,260,Washington
88,206432673274,21033,189,1,267,Washington
88,106432813309,21034,189,1,267,Washington
88,106533154267,21069,124,0,,New York
88,106533154267,21074,146,0,258,Springfield
88,100133574267,21079,152,0,264,Boston
88,106533574267,21084,158,0,,New York
88,100133154267,21087,192,0,237,New York
88,206532673274,21067,124,0,,New York
88,106532803309,21068,124,0,,New York
88,100433273327,21070,124,0,,New York
88,206532673274,21072,146,0,258,Springfield
88,106532803309,21073,146,0,258,Springfield
88,100433273327,21075,146,0,258,Springfield
88,200132673308,21076,152,0,264,Boston
88,100133153350,21077,152,0,264,Boston
88,100433273327,21078,152,0,264,Boston
88,206532673274,21080,158,0,,New York
88,106532803309,21081,158,0,,New York
88,106533153351,21082,158,0,,New York
88,100433273327,21083,158,0,,New York
88,200132673273,21085,192,0,237,New York
88,100132803308,21086,192,0,237,New York
88,100433273327,21088,192,0,237,New York
88,106433584267,21096,132,0,264,Boston
88,106433584267,21109,96,0,90,Boston
88,206432673274,21093,132,0,264,Boston
88,106432813309,21094,132,0,264,Boston
88,106433163351,21095,132,0,264,Boston
88,206432673274,21106,96,0,90,Boston
88,106432813309,21107,96,0,90,Boston
88,106433163351,21108,96,0,90,Boston
88,106433164267,21112,166,0,264,Boston
88,206432673274,21110,166,0,264,Boston
88,106432813309,21111,166,0,264,Boston
88,106533014267,21249,156,0,,New York
88,206532673295,21248,156,0,,New York
88,100433273327,21250,156,0,,New York
88,106532804267,21632,128,0,237,New York
88,206532673274,21631,128,0,237,New York
88,106233284267,21638,141,1,,Norfolk
88,106232683326,21636,141,1,,Norfolk
88,100133574267,21658,82,0,,Boston
88,106532804267,21662,88,0,,Boston
88,106233524267,21669,93,1,,Norfolk
88,100132733273,21655,82,0,,Boston
88,100132803350,21656,82,0,,Boston
88,100433273327,21657,82,0,,Boston
88,206532673274,21661,88,0,,Boston
88,100433273327,21663,88,0,,Boston
88,106232683326,21666,93,1,,Norfolk
88,106233283349,21668,93,1,,Norfolk
88,106532804267,21673,162,0,264,Boston
88,206532673274,21672,162,0,264,Boston
88,100433273327,21674,162,0,264,Boston
88,112433274267,21718,67,1,84,Newport News
88,212432673325,21716,67,1,84,Newport News
88,100333424267,21722,65,1,84,Newport News
88,200332673273,21719,65,1,84,Newport News
88,100332793336,21720,65,1,84,Newport News
88,100833263326,21721,65,1,84,Newport News
42948,306232674267,7134,9633,0,,Stamford
42948,306232674267,7213,9700,1,,Old Saybrook
42948,306232674267,7215,9704,1,,Old Saybrook
42948,306232674267,7216,9706,1,,Old Saybrook
42948,306232674267,7227,9755,0,,New Haven
42948,306232674267,7228,9757,0,,New Haven
42948,306232674267,7229,9759,0,,New Haven
42948,306532674267,7236,9790,1,,Old Saybrook
42948,106233524267,13537,1637,0,,New Haven
42948,206232673349,13536,1637,0,,New Haven
42948,106233524267,13582,1659,0,,New Haven
42948,206232673349,13581,1659,0,,New Haven
42948,106233524267,13609,1606,1,,New London
42948,206232673349,13608,1606,1,,New London
42948,106233524267,13613,1632,1,,New London
42948,106233524267,13617,1634,1,,New London
42948,206232673349,13612,1632,1,,New London
42948,206232673349,13616,1634,1,,New London
42948,106233524267,13642,1652,1,,New London
42948,206232673349,13641,1652,1,,New London
42948,106233524267,13666,1600,1,,New London
42948,206232673349,13665,1600,1,,New London
42948,106233524267,13670,1602,0,,New London
42948,206232673349,13669,1602,0,,New London
42948,106533574267,13775,3652,1,,New London
42948,206532673351,13774,3652,1,,New London
42948,206532673351,13848,3644,1,,New London
42948,106533574267,15363,3629,0,,New Haven
42948,206532673351,15362,3629,0,,New Haven
42948,106533574267,15374,3034,1,,New London
42948,106533574267,15378,3618,1,,New London
42948,206532673351,15373,3034,1,,New London
42948,206532673351,15377,3618,1,,New London
42948,106233524267,15981,1610,1,,New London
42948,106233524267,15985,1673,0,,New Haven
42948,106233524267,15989,1685,0,,New Haven
42948,106233524267,15993,1697,0,,New Haven
42948,106233524267,15997,1699,0,,New Haven
42948,106533574267,16001,3604,1,,New London
42948,106533574267,16009,3690,1,,New London
42948,106533574267,16013,3692,1,,New London
42948,106533574267,16017,3699,0,,New Haven
42948,206232673349,15980,1610,1,,Old Saybrook
42948,206232673349,15984,1673,0,,New Haven
42948,206232673349,15988,1685,0,,New Haven
42948,206232673349,15992,1697,0,,New Haven
42948,206232673349,15996,1699,0,,New Haven
42948,206532673351,16000,3604,1,,New London
42948,206532673351,16008,3690,1,,New London
42948,206532673351,16012,3692,1,,New London
42948,206532673351,16016,3699,0,,New Haven
42948,106233524267,16657,1667,0,,New Haven
42948,206232673349,16656,1667,0,,New Haven
42948,306532674267,20302,3613,0,,New Haven
42948,206532673351,20304,3655,0,,New Haven
42948,206532673351,20306,3663,0,,New Haven
42948,106533574267,20309,3621,0,,New Haven
42948,106533574267,20312,3645,0,,New Haven
42948,206532673351,20308,3621,0,,New Haven
42948,206532673351,20311,3645,0,,New Haven
42948,206232673349,20930,1633,0,,New Haven
42948,206232673349,20932,1668,1,,New London
40751,106432814267,9862,2257,1,324,Washington
40751,206432673274,9861,2257,1,324,Washington
40751,106433584267,12610,2224,0,328,New York
40751,206432673274,12608,2224,0,328,New York
40751,106432813351,12609,2224,0,328,New York
40751,106433584267,12741,2292,0,325,Boston
40751,206432673351,12740,2292,0,325,Boston
40751,106433584267,13047,2259,1,324,Washington
40751,206432673351,13046,2259,1,324,Washington
40751,106432814267,14881,2263,1,324,Washington
40751,206432673274,14880,2263,1,324,Washington
40751,106432814267,15170,2222,0,328,New York
40751,206432673274,15169,2222,0,328,New York
40751,100132804267,17340,2216,0,328,New York
40751,200132673273,17339,2216,0,328,New York
40751,100433273327,17341,2216,0,328,New York
40751,106533574267,17356,2248,0,327,Boston
40751,100132804267,17361,2249,1,324,Washington
40751,106533574267,17380,2252,0,327,Boston
40751,106533574267,17393,2254,0,327,Boston
40751,206532673274,17353,2248,0,327,Boston
40751,106532803351,17354,2248,0,327,Boston
40751,100433273327,17355,2248,0,327,Boston
40751,200132673273,17360,2249,1,324,Washington
40751,100433273327,17362,2249,1,324,Washington
40751,206532673274,17377,2252,0,327,Boston
40751,106532803351,17378,2252,0,327,Boston
40751,100433273327,17379,2252,0,327,Boston
40751,206532673274,17390,2254,0,327,Boston
40751,106532803351,17391,2254,0,327,Boston
40751,100433273327,17392,2254,0,327,Boston
40751,106233524267,17415,2107,1,326,Washington
40751,106233284267,17422,2122,0,328,New York
40751,106233284267,17429,2126,0,328,New York
40751,106233524267,17436,2151,1,324,Washington
40751,106233284267,17450,2153,1,324,Washington
40751,106233524267,17458,2154,0,327,Boston
40751,106233524267,17467,2155,1,324,Washington
40751,106233524267,17473,2158,0,327,Boston
40751,106233284267,17488,2160,0,327,Boston
40751,106233524267,17496,2163,1,324,Washington
40751,106233524267,17504,2164,0,327,Boston
40751,106233524267,17525,2168,0,327,Boston
40751,106233524267,17539,2170,0,327,Boston
40751,106233524267,17547,2172,0,327,Boston
40751,106233524267,17554,2173,1,324,Washington
40751,206232673272,17411,2107,1,326,Washington
40751,106232753326,17412,2107,1,326,Washington
40751,106233283349,17414,2107,1,326,Washington
40751,206232673272,17419,2122,0,328,New York
40751,106232753326,17420,2122,0,328,New York
40751,206232673272,17426,2126,0,328,New York
40751,106232753326,17427,2126,0,328,New York
40751,206232673272,17432,2151,1,324,Washington
40751,106232753326,17433,2151,1,324,Washington
40751,106233283349,17435,2151,1,324,Washington
40751,206232673272,17447,2153,1,324,Washington
40751,106232753326,17448,2153,1,324,Washington
40751,206232673272,17454,2154,0,327,Boston
40751,106232753326,17455,2154,0,327,Boston
40751,106233283349,17457,2154,0,327,Boston
40751,206232673272,17462,2155,1,324,Washington
40751,106232753321,17463,2155,1,324,Washington
40751,105633243326,17464,2155,1,324,Washington
40751,106233283349,17466,2155,1,324,Washington
40751,206232673326,17470,2158,0,327,Boston
40751,106233283349,17472,2158,0,327,Boston
40751,206232673272,17485,2160,0,327,Boston
40751,106232753326,17486,2160,0,327,Boston
40751,206232673272,17492,2163,1,324,Washington
40751,106232753326,17493,2163,1,324,Washington
40751,106233283349,17495,2163,1,324,Washington
40751,206232673272,17500,2164,0,327,Boston
40751,106232753326,17501,2164,0,327,Boston
40751,106233283349,17503,2164,0,327,Boston
40751,206232673272,17521,2168,0,327,Boston
40751,106232753326,17522,2168,0,327,Boston
40751,106233283349,17524,2168,0,327,Boston
40751,206232673272,17535,2170,0,327,Boston
40751,106232753326,17536,2170,0,327,Boston
40751,106233283349,17538,2170,0,327,Boston
40751,206232673272,17543,2172,0,327,Boston
40751,106232753326,17544,2172,0,327,Boston
40751,106233283349,17546,2172,0,327,Boston
40751,206232673272,17550,2173,1,324,Washington
40751,106232753326,17551,2173,1,324,Washington
40751,106233283349,17553,2173,1,324,Washington
40751,106233524267,17567,2190,0,325,Boston
40751,206232673326,17564,2190,0,325,Boston
40751,106233283349,17566,2190,0,325,Boston
40751,206232673272,18434,2150,0,327,Boston
40751,106232753307,18435,2150,0,327,Boston
40751,102433253326,18437,2150,0,327,Boston
40751,106433164267,18480,2262,0,327,Boston
40751,106533294267,18774,2205,1,326,Washington
40751,206432673274,18770,2205,1,326,Washington
40751,106432813309,18771,2205,1,326,Washington
40751,106533153323,18772,2205,1,326,Washington
40751,100433273327,18773,2205,1,326,Washington
40751,100133154267,18971,2218,0,328,New York
40751,100433273327,18972,2218,0,328,New York
40751,106233524267,19713,2159,1,324,Washington
40751,206232673272,19709,2159,1,324,Washington
40751,106232753326,19710,2159,1,324,Washington
40751,106233283349,19712,2159,1,324,Washington
40751,106233524267,19823,2103,1,326,Washington
40751,206232673272,19819,2103,1,326,Washington
40751,106232753326,19820,2103,1,326,Washington
40751,106233283349,19822,2103,1,326,Washington
40751,106233284267,20582,2165,1,324,Washington
40751,206232673272,20579,2165,1,324,Washington
40751,106232753326,20580,2165,1,324,Washington
40751,106533574267,20594,2250,0,327,Boston
40751,106433584267,20597,2290,0,325,Boston
40751,206532673274,20591,2250,0,327,Boston
40751,106532803351,20592,2250,0,327,Boston
40751,100433273327,20593,2250,0,327,Boston
40751,206432673351,20596,2290,0,325,Boston
40751,106233524267,20628,2193,1,,New York
40751,206232673326,20625,2193,1,,New York
40751,106233283349,20627,2193,1,,New York
40751,106233524267,20805,2152,0,327,Boston
40751,206232673272,20801,2152,0,327,Boston
40751,106232753326,20802,2152,0,327,Boston
40751,106233283349,20804,2152,0,327,Boston
40751,106233524267,20867,2169,1,324,Washington
40751,106433584267,20871,2265,1,324,Washington
40751,106432814267,20874,2275,1,324,Washington
40751,206232673272,20855,2167,1,324,Washington
40751,106232753307,20856,2167,1,324,Washington
40751,102433253326,20858,2167,1,324,Washington
40751,206232673272,20863,2169,1,324,Washington
40751,106232753326,20864,2169,1,324,Washington
40751,106233283349,20866,2169,1,324,Washington
40751,206432673274,20869,2265,1,324,Washington
40751,106432813351,20870,2265,1,324,Washington
40751,206432673274,20873,2275,1,324,Washington
40751,106533574267,20966,2255,1,324,Washington
40751,206532673274,20962,2255,1,324,Washington
40751,106532803309,20963,2255,1,324,Washington
40751,106533153351,20964,2255,1,324,Washington
40751,100433273327,20965,2255,1,324,Washington
40751,100133154267,20996,2203,1,326,Washington
40751,106533574267,21003,2253,1,324,Washington
40751,200132673273,20994,2203,1,326,Washington
40751,100132803308,20995,2203,1,326,Washington
40751,100433273327,20997,2203,1,326,Washington
40751,206532673274,20999,2253,1,324,Washington
40751,106532803309,21000,2253,1,324,Washington
40751,106533153351,21001,2253,1,324,Washington
40751,100433273327,21002,2253,1,324,Washington
40751,100133574267,21040,2251,1,324,Washington
40751,106433584267,21045,2271,1,324,Washington
40751,200132673273,21036,2251,1,324,Washington
40751,100132803308,21037,2251,1,324,Washington
40751,100133153350,21038,2251,1,324,Washington
40751,100433273327,21039,2251,1,324,Washington
40751,206432673274,21042,2271,1,324,Washington
40751,106432813309,21043,2271,1,324,Washington
40751,106433163351,21044,2271,1,324,Washington
40751,206432673274,21098,2260,0,327,Boston
40751,106432813309,21099,2260,0,327,Boston
40751,106433164267,21115,2226,0,328,New York
40751,106433164267,21119,2258,0,327,Boston
40751,206432673274,21113,2226,0,328,New York
40751,106432813309,21114,2226,0,328,New York
40751,206432673274,21117,2258,0,327,Boston
40751,106432813309,21118,2258,0,327,Boston
36921,106432884267,1384,256,1,245,New York
36921,306432674267,1402,261,0,248,Rensselaer
36921,206432673281,145,1245,0,,Pittsfield
36921,206432673281,1360,246,1,245,New York
36921,312732674267,8961,233,0,248,Rensselaer
36921,312732674267,9015,241,0,248,Rensselaer
36921,200232673279,9528,1234,1,,Rensselaer
36921,200232673279,9529,1235,0,,Pittsfield
36921,206432673281,9535,1244,1,,New York
36921,312732674267,11167,238,1,245,New York
36921,112732824267,11215,244,1,245,New York
36921,206332673280,11214,244,1,245,New York
36921,312732674267,12910,280,1,280,New York
36921,312732674267,12944,284,1,280,New York
36921,306532674267,18013,250,1,245,New York
36921,306532674267,18018,253,0,248,Rensselaer
36921,306532674267,18022,259,0,248,Rensselaer
36921,306532674267,18026,260,1,245,New York
36921,100433273327,18015,250,1,245,New York
36921,100433273327,18019,253,0,248,Rensselaer
36921,100433273327,18023,259,0,248,Rensselaer
36921,100433273327,18027,260,1,245,New York
36921,106233284267,18055,232,1,245,New York
36921,106233284267,18060,234,1,245,New York
36921,106233284267,18065,236,1,245,New York
36921,106233284267,18070,237,0,248,Rensselaer
36921,106233284267,18075,239,0,248,Rensselaer
36921,112633284267,18080,240,1,245,New York
36921,106233284267,18085,243,0,248,Rensselaer
36921,206232673326,18053,232,1,245,New York
36921,206232673326,18058,234,1,245,New York
36921,206232673326,18063,236,1,245,New York
36921,206232673326,18068,237,0,248,Rensselaer
36921,206232673326,18073,239,0,248,Rensselaer
36921,212632673326,18078,240,1,245,New York
36921,206232673326,18083,243,0,248,Rensselaer
36921,112732754267,21138,281,0,279,Niagara Falls
36921,112732754267,21143,283,0,279,Niagara Falls
36921,212732673272,21136,281,0,279,Niagara Falls
36921,106532733274,21137,281,0,279,Niagara Falls
36921,212732673272,21141,283,0,279,Niagara Falls
36921,106532733274,21142,283,0,248,Rensselaer
36921,112633284267,21715,235,0,248,Rensselaer
36921,212432673278,21712,235,0,248,Rensselaer
36921,112632813326,21713,235,0,248,Rensselaer
42951,312732674267,1501,300,0,,Chicago
42951,312732674267,1511,301,1,,St. Louis
42951,312732674267,1528,302,0,,Chicago
42951,312732674267,1591,305,1,,St. Louis
42951,312732674267,1617,306,0,,Chicago
42951,312732674267,1645,307,1,,St. Louis
36948,312732674267,1677,311,0,255,Kansas City
36948,312732674267,1735,316,1,257,St. Louis
11317,106233314267,19006,3201,0,,San Jose
11317,106233314267,19010,3203,0,,San Jose
11317,106233314267,19014,3204,1,,Stockton
11317,106233314267,19018,3205,0,,San Jose
11317,106233314267,19022,3206,1,,Stockton
11317,106233314267,19026,3207,0,,San Jose
11317,106233314267,19030,3208,1,,Stockton
11317,106233314267,19034,3210,1,,Stockton
11317,206232673326,19004,3201,0,,San Jose
11317,206232673326,19008,3203,0,,San Jose
11317,206232673326,19012,3204,1,,Stockton
11317,206232673326,19016,3205,0,,San Jose
11317,206232673326,19020,3206,1,,Stockton
11317,206232673326,19024,3207,0,,San Jose
11317,206232673326,19028,3208,1,,Stockton
11317,206232673326,19032,3210,1,,Stockton
54,312732674267,11577,331,0,19,Milwaukee
54,312732674267,11583,335,0,19,Milwaukee
54,312732674267,11586,337,0,19,Milwaukee
54,312732674267,11589,339,0,19,Milwaukee
54,312732674267,11597,332,1,20,Chicago
54,312732674267,11600,334,1,20,Chicago
54,312732674267,11603,336,1,20,Chicago
54,312732674267,11606,338,1,20,Chicago
54,312732674267,11609,341,0,19,Milwaukee
54,300232674267,11612,343,0,19,Milwaukee
54,312732674267,11615,340,1,20,Chicago
54,312732674267,11618,342,1,20,Chicago
54,312732674267,16335,333,0,19,Milwaukee
54,106240024267,16499,329,0,19,Milwaukee
54,106340024267,16509,330,1,20,Chicago
54,206232673326,16494,329,0,19,Milwaukee
54,106233283356,16496,329,0,19,Milwaukee
54,103033603363,16498,329,0,19,Milwaukee
54,206332673326,16504,330,1,20,Chicago
54,106333283357,16506,330,1,20,Chicago
54,103133603364,16508,330,1,20,Chicago
42954,312732674267,2100,3524,1,,Reno
42954,312732674267,2183,3625,0,,Sacramento
42954,312732674267,2328,3710,1,,Stockton
42954,312732674267,2329,3711,0,,Chico
42954,312732674267,2330,3712,1,,Stockton
42954,312732674267,2331,3713,0,,Redding
42954,312732674267,2333,3715,0,,Redding
42954,312732674267,2334,3716,1,,Stockton
42954,312732674267,2360,3802,1,,Sacramento
42954,312732674267,2362,3810,1,,Stockton
42954,312732674267,2365,3811,0,,Davis
42954,312732674267,2368,3812,1,,Stockton
42954,312732674267,2371,3813,0,,Davis
42954,312732674267,2374,3814,1,,Stockton
42954,312732674267,2377,3815,0,,Davis
42954,312732674267,2380,3816,1,,Stockton
42954,312732674267,2381,3817,0,,Davis
42954,312732674267,2383,3819,0,,Davis
42954,312732674267,2401,3865,0,,Stockton
42954,306532674267,2465,3911,0,,San Jose
42954,306232674267,2466,3911,0,,San Jose
42954,306232674267,2467,3915,0,,San Jose
42954,306532674267,2468,3915,0,,San Jose
42954,312732674267,2469,3916,1,,Stockton
42954,312732674267,2899,4967,0,,Fullerton
42954,312732674267,2903,4968,1,,Palm Springs
42954,312732674267,2918,4984,1,,Indio
42954,312732674267,2922,4985,0,,Fullerton
42954,312732674267,2940,5011,0,,San Francisco
42954,312732674267,2941,5014,1,,Emeryville
42954,312732674267,3221,5604,0,,Bellingham
42954,312732674267,3222,5605,1,,Seattle
42954,312732674267,3244,5622,0,,Bellingham
42954,312732674267,3252,5677,1,,Seattle
42954,312732674267,3264,5702,1,,Los Angeles
42954,312732674267,3272,5712,1,,Los Angeles
42954,312732674267,3275,5715,0,,Bakersfield
42954,312732674267,3277,5717,0,,Bakersfield
42954,312732674267,3314,5802,1,,Los Angeles
42954,312732674267,3332,5812,1,,Los Angeles
42954,312732674267,3338,5815,0,,Bakersfield
42954,312732674267,3343,5817,0,,Bakersfield
42954,312732674267,3365,5874,1,,Los Angeles
42954,312732674267,3387,5915,0,,Bakersfield
42954,312732674267,3440,6022,0,,Longview
42954,312732674267,3545,6122,0,,Longview
42954,312732674267,3556,6141,0,,Reading
42954,312732674267,3723,6332,1,,Milwaukee
42954,312732674267,3781,6422,1,,Shreveport
42954,312732674267,3875,6513,0,,Napa
42954,312732674267,3876,6515,0,,Santa Rosa
42954,312732674267,3877,6516,1,,Martinez
42954,312732674267,3878,6517,0,,Santa Rosa
42954,312732674267,3879,6518,1,,Martinez
42954,312732674267,3947,6611,0,,San Francisco
42954,306232674267,3952,6612,1,,Emeryville
42954,312732674267,3953,6613,0,,San Francisco
42954,312732674267,3954,6614,1,,Emeryville
42954,312732674267,3955,6615,0,,San Francisco
42954,312732674267,3956,6616,1,,Emeryville
42954,312732674267,3957,6617,0,,San Francisco
42954,312732674267,3958,6619,0,,San Francisco
42954,306532674267,4035,6637,0,,San Francisco
42954,312732674267,7418,4587,0,,Santa Barbara
42954,312732674267,7458,6340,1,,Milwaukee
42954,312732674267,8176,3511,1,,Salinas
42954,312732674267,8179,3514,1,,Salinas
42954,312732674267,8182,3611,0,,Carmel
42954,312732674267,8185,3614,0,,Carmel
42954,312732674267,8188,6148,1,,Philadelphia
42954,312732674267,8191,6172,1,,Philadelphia
42954,306232674267,10317,6255,1,,Providence
42954,306532674267,10318,6255,1,,Providence
42954,306232674267,10325,6257,1,,Providence
42954,306532674267,10326,6257,1,,Providence
42954,306332674267,10329,6258,0,,Worcester
42954,306432674267,10330,6258,0,,Worcester
42954,306232674267,10334,6259,1,,Providence
42954,300132674267,10335,6259,1,,Providence
42954,306432674267,10336,6259,1,,Providence
42954,312732674267,10338,6260,0,,Worcester
42954,112740084267,11162,3701,0,,Chico
42954,112740084267,11192,3704,1,,Sacramento
42954,112740084267,11195,3717,0,,Sacramento
42954,112740084267,11198,3801,0,,Stockton
42954,112740084267,11201,5801,0,,Bakersfield
42954,112740084267,11204,5804,1,,Los Angeles
42954,312732674267,11225,6316,1,,Martinez
42954,312732674267,11227,6318,1,,Martinez
42954,312732674267,11229,6311,0,,Arcata
42954,312732674267,11231,6313,0,,Arcata
42954,306432674267,11636,6157,1,,Virginia Beach
42954,312732674267,11872,6331,0,,Green Bay
42954,312732674267,11876,6339,0,,Green Bay
42954,312732674267,12326,5006,1,,Emeryville
42954,306432674267,12514,6171,0,,Reading
42954,106332824267,12520,6171,0,,Reading
42954,206332673279,12518,6171,0,,Reading
42954,100132803280,12519,6171,0,,Reading
42954,112740714267,14000,5005,0,,San Francisco
42954,212732674069,13998,5005,0,,San Francisco
42954,106440704070,13999,5005,0,,San Francisco
42954,112740714267,14308,6049,0,,East Lansing
42954,212732674069,14306,6049,0,,East Lansing
42954,106440704070,14307,6049,0,,East Lansing
42954,112740714267,14352,6021,1,,Galveston
42954,112740714267,14355,6121,1,,Shreveport
42954,112740714267,14358,6421,0,,Longview
42954,212732674069,14350,6021,1,,Galveston
42954,106440704070,14351,6021,1,,Galveston
42954,212732674069,14353,6121,1,,Shreveport
42954,106440704070,14354,6121,1,,Shreveport
42954,212732674069,14356,6421,0,,Longview
42954,106440704070,14357,6421,0,,Longview
42954,312732674267,14564,5713,0,,Bakersfield
42954,312732674267,14567,5714,1,,Los Angeles
42954,312732674267,14570,5716,1,,Los Angeles
42954,312732674267,14573,5811,0,,Bakersfield
42954,312732674267,14576,5813,0,,Bakersfield
42954,312732674267,14579,5818,1,,San Diego
42954,312732674267,14582,5885,0,,Fresno
42954,312732674267,14585,5914,1,,Santa Monica
42954,307432674267,15895,4050,1,,Richmond
42954,307432674267,15898,4051,0,,Charlottesville
42954,306432674267,15917,6096,0,,Newport News
42954,306532674267,15935,6065,1,,Virginia Beach
42954,306232674267,15940,6067,1,,Virginia Beach
42954,112740714267,16191,6091,1,,Fort Myers
42954,312732674267,16195,6092,0,,Tampa
42954,112740714267,16204,6097,1,,Fort Myers
42954,112740194267,16212,6098,0,,Orlando
42954,112740714267,16217,6291,1,,Lakeland
42954,312732674267,16220,6292,0,,Jacksonville
42954,212732674069,16189,6091,1,,Fort Myers
42954,106440704070,16190,6091,1,,Fort Myers
42954,212732674014,16199,6097,1,,Fort Myers
42954,109540164021,16201,6097,1,,Fort Myers
42954,112740234069,16202,6097,1,,Fort Myers
42954,106440704070,16203,6097,1,,Fort Myers
42954,212732674010,16208,6098,0,,Orlando
42954,112340124017,16210,6098,0,,Orlando
42954,212732674069,16215,6291,1,,Lakeland
42954,106440704070,16216,6291,1,,Lakeland
42954,112740714267,16324,6048,1,,Toledo
42954,212732674069,16322,6048,1,,Toledo
42954,106440704070,16323,6048,1,,Toledo
42954,106233284267,18696,6094,0,,Norfolk
42954,306532674267,18697,6099,1,,Virginia Beach
42954,106233284267,18704,6125,1,,Virginia Beach
42954,106233284267,18709,6186,0,,Newport News
42954,106233284267,18717,6394,0,,Norfolk
42954,106233284267,18722,6438,0,,Norfolk
42954,206232673326,18694,6094,0,,Norfolk
42954,100433273327,18699,6099,1,,Virginia Beach
42954,206232673326,18702,6125,1,,Virginia Beach
42954,206232673326,18707,6186,0,,Newport News
42954,206232673326,18715,6394,0,,Norfolk
42954,206232673326,18720,6438,0,,Norfolk
42954,306532674267,18723,6087,0,,Newport News
42954,106233284267,18735,6095,1,,Virginia Beach
42954,306532674267,18736,6124,0,,Newport News
42954,306532674267,18739,6153,1,,Virginia Beach
42954,306532674267,18742,6158,0,,Norfolk
42954,306532674267,18750,6187,1,,Virginia Beach
42954,300132674267,18758,6194,0,,Newport News
42954,306532674267,18765,6453,1,,Newport News
42954,100433273327,18725,6087,0,,Newport News
42954,206232673326,18733,6095,1,,Virginia Beach
42954,100433273327,18738,6124,0,,Newport News
42954,100433273327,18741,6153,1,,Virginia Beach
42954,100433273327,18744,6158,0,,Norfolk
42954,100433273327,18752,6187,1,,Virginia Beach
42954,100433273327,18759,6194,0,,Newport News
42954,100433273327,18767,6453,1,,Newport News
42954,112733314267,18990,5703,0,,Bakersfield
42954,112733314267,18996,5719,0,,Bakersfield
42954,112733314267,19002,5919,0,,Bakersfield
42954,212732673325,18987,5703,0,,Bakersfield
42954,107233263330,18988,5703,0,,Bakersfield
42954,100733273329,18989,5703,0,,Bakersfield
42954,212732673325,18993,5719,0,,Bakersfield
42954,107233263330,18994,5719,0,,Bakersfield
42954,100733273329,18995,5719,0,,Bakersfield
42954,212732673325,18999,5919,0,,Bakersfield
42954,107233263330,19000,5919,0,,Bakersfield
42954,100733273329,19001,5919,0,,Bakersfield
42954,106233314267,19038,3534,1,,Sparks
42954,106233314267,19042,3536,1,,Auburn
42954,106233314267,19046,3541,0,,Sacramento
42954,306532674267,19050,3584,1,,Sparks
42954,306532674267,19055,3587,0,,Sacramento
42954,106233314267,19060,3623,0,,Sacramento
42954,106233314267,19064,3642,1,,Auburn
42954,106233314267,19068,3646,1,,Auburn
42954,112733314267,19086,4794,1,,San Luis Obispo
42954,112740024267,19092,5412,1,,San Bernardino
42954,206232673326,19036,3534,1,,Sparks
42954,206232673326,19040,3536,1,,Auburn
42954,206232673326,19044,3541,0,,Sacramento
42954,100633273328,19051,3584,1,,Sparks
42954,100633273328,19056,3587,0,,Sacramento
42954,206232673326,19058,3623,0,,Sacramento
42954,206232673326,19062,3642,1,,Auburn
42954,206232673326,19066,3646,1,,Auburn
42954,212732673325,19083,4794,1,,San Luis Obispo
42954,107233263330,19084,4794,1,,San Luis Obispo
42954,100733273329,19085,4794,1,,San Luis Obispo
42954,212732673365,19090,5412,1,,San Bernardino
42954,103240014001,19091,5412,1,,San Bernardino
42954,106233314267,19107,6621,0,,San Francisco
42954,106233314267,19111,6623,0,,San Francisco
42954,106233314267,19115,6624,1,,Emeryville
42954,106233314267,19119,6625,0,,San Francisco
42954,106233314267,19123,6627,0,,San Francisco
42954,106233314267,19127,6628,1,,Emeryville
42954,106233314267,19131,6629,0,,San Francisco
42954,106233314267,19135,6631,0,,San Francisco
42954,106233314267,19139,6632,1,,Emeryville
42954,106233314267,19143,6634,1,,Emeryville
42954,106233314267,19147,6636,1,,Emeryville
42954,106233314267,19151,6638,1,,Emeryville
42954,106233314267,19155,6640,1,,Emeryville
42954,106233314267,19159,6641,0,,San Francisco
42954,106233314267,19163,6642,1,,Emeryville
42954,106233314267,19167,6643,0,,San Francisco
42954,106233314267,19171,6644,1,,Emeryville
42954,106233314267,19175,6645,0,,San Francisco
42954,106233314267,19179,6646,1,,Emeryville
42954,106233314267,19183,6647,0,,San Francisco
42954,106233314267,19187,6648,1,,Emeryville
42954,106233314267,19191,6649,0,,San Francisco
42954,106233314267,19195,6651,0,,San Francisco
42954,206232673326,19105,6621,0,,San Francisco
42954,206232673326,19109,6623,0,,San Francisco
42954,206232673326,19113,6624,1,,Emeryville
42954,206232673326,19117,6625,0,,San Francisco
42954,206232673326,19121,6627,0,,San Francisco
42954,206232673326,19125,6628,1,,Emeryville
42954,206232673326,19129,6629,0,,San Francisco
42954,206232673326,19133,6631,0,,San Francisco
42954,206232673326,19137,6632,1,,Emeryville
42954,206232673326,19141,6634,1,,Emeryville
42954,206232673326,19145,6636,1,,Emeryville
42954,206232673326,19149,6638,1,,Emeryville
42954,206232673326,19153,6640,1,,Emeryville
42954,206232673326,19157,6641,0,,San Francisco
42954,206232673326,19161,6642,1,,Emeryville
42954,206232673326,19165,6643,0,,San Francisco
42954,206232673326,19169,6644,1,,Emeryville
42954,206232673326,19173,6645,0,,San Francisco
42954,206232673326,19177,6646,1,,Emeryville
42954,206232673326,19181,6647,0,,San Francisco
42954,206232673326,19185,6648,1,,Emeryville
42954,206232673326,19189,6649,0,,San Francisco
42954,206232673326,19193,6651,0,,San Francisco
42954,306532674267,19196,6653,0,,San Francisco
42954,306532674267,19199,6673,0,,San Francisco
42954,306532674267,19202,6677,0,,San Francisco
42954,306532674267,19205,6679,0,,San Francisco
42954,306532674267,19208,6683,0,,San Francisco
42954,306532674267,19211,6691,0,,San Francisco
42954,306532674267,19214,6693,0,,San Francisco
42954,306532674267,19217,6695,0,,San Francisco
42954,306532674267,19220,6697,0,,San Francisco
42954,306532674267,19223,6699,0,,San Francisco
42954,100633273328,19198,6653,0,,San Francisco
42954,100633273328,19201,6673,0,,San Francisco
42954,100633273328,19204,6677,0,,San Francisco
42954,100633273328,19207,6679,0,,San Francisco
42954,100633273328,19210,6683,0,,San Francisco
42954,100633273328,19213,6691,0,,San Francisco
42954,100633273328,19216,6693,0,,San Francisco
42954,100633273328,19219,6695,0,,San Francisco
42954,100633273328,19222,6697,0,,San Francisco
42954,100633273328,19225,6699,0,,San Francisco
42954,306532674267,19226,6668,1,,Emeryville
42954,306532674267,19229,6670,1,,Emeryville
42954,306532674267,19232,6674,1,,Emeryville
42954,306532674267,19235,6678,1,,Emeryville
42954,306532674267,19238,6682,1,,Emeryville
42954,306532674267,19241,6684,1,,Emeryville
42954,306532674267,19244,6686,1,,Emeryville
42954,306532674267,19247,6692,1,,Emeryville
42954,306532674267,19250,6694,1,,Emeryville
42954,306532674267,19253,6696,1,,Emeryville
42954,306532674267,19256,6698,1,,Emeryville
42954,100633273328,19228,6668,1,,Emeryville
42954,100633273328,19231,6670,1,,Emeryville
42954,100633273328,19234,6674,1,,Emeryville
42954,100633273328,19237,6678,1,,Emeryville
42954,100633273328,19240,6682,1,,Emeryville
42954,100633273328,19243,6684,1,,Emeryville
42954,100633273328,19246,6686,1,,Emeryville
42954,100633273328,19249,6692,1,,Emeryville
42954,100633273328,19252,6694,1,,Emeryville
42954,100633273328,19255,6696,1,,Emeryville
42954,100633273328,19258,6698,1,,Emeryville
42954,306532674267,20433,6256,0,,Worcester
42954,306232674267,20434,6256,0,,Worcester
42954,112732844267,20551,3549,0,,Sacramento
42954,212732673275,20549,3549,0,,Sacramento
42954,112732763283,20550,3549,0,,Sacramento
42954,306532674267,20692,6265,0,,Providence
42954,306232674267,20693,6265,0,,Providence
42954,300132674267,20697,6267,0,,Providence
42954,306432674267,20698,6267,0,,Providence
42954,306232674267,20699,6267,0,,Providence
42954,312732674267,20703,6269,0,,Providence
42954,300132674267,20719,6268,1,,
42954,306432674267,20720,6268,1,,
42954,306232674267,20721,6268,1,,
42954,300132674267,20726,6270,1,,
42954,306432674267,20727,6270,1,,
42954,306232674267,20728,6270,1,,
42954,306532674267,20731,6266,1,,
42954,306232674267,20732,6266,1,,
42954,312732674267,20756,4769,0,,Oakland
42954,312732674267,20759,4785,0,,Oakland
42954,112740024267,20764,5402,1,,San Bernardino
42954,112740024267,20769,5415,0,,Bakersfield
42954,112740024267,20777,5419,0,,Bakersfield
42954,212732673365,20762,5402,1,,San Bernardino
42954,103240014001,20763,5402,1,,San Bernardino
42954,212732673365,20767,5415,0,,Bakersfield
42954,103240014001,20768,5415,0,,Bakersfield
42954,212732673325,20772,5419,0,,Bakersfield
42954,107233263330,20773,5419,0,,Bakersfield
42954,100733273329,20774,5419,0,,Bakersfield
42954,112733313365,20775,5419,0,,Bakersfield
42954,103240014001,20776,5419,0,,Bakersfield
42954,312732674267,20781,4761,0,,Oakland
42954,312732674267,20785,4765,0,,Oakland
42954,312732674267,20788,4770,1,,Santa Barbara
42954,312732674267,20792,4784,1,,Santa Barbara
42954,112733314267,20799,4790,1,,Santa Barbara
42954,212732673325,20796,4790,1,,Santa Barbara
42954,107233263330,20797,4790,1,,Santa Barbara
42954,100733273329,20798,4790,1,,Santa Barbara
42954,106233284267,21288,6084,0,,Norfolk
42954,206232673326,21286,6084,0,,Norfolk
42954,112732884267,21433,5710,1,,Los Angeles
42954,212732673286,21431,5710,1,,Los Angeles
42954,100132873287,21432,5710,1,,Los Angeles
42954,112732884267,21446,3910,1,,Stockton
42954,112732884267,21453,5810,1,,Los Angeles
42954,112732884267,21456,5910,1,,Santa Monica
42954,112732884267,21459,6510,1,,Martinez
42954,112732884267,21462,6610,1,,Emeryville
42954,212732673286,21444,3910,1,,Stockton
42954,100132873287,21445,3910,1,,Stockton
42954,212732673286,21451,5810,1,,Los Angeles
42954,100132873287,21452,5810,1,,Los Angeles
42954,212732673286,21454,5910,1,,Santa Monica
42954,100132873287,21455,5910,1,,Santa Monica
42954,212732673286,21457,6510,1,,Martinez
42954,100132873287,21458,6510,1,,Martinez
42954,212732673286,21460,6610,1,,Emeryville
42954,100132873287,21461,6610,1,,Emeryville
42954,106233284267,21643,6285,1,,Newport News
42954,106232683326,21641,6285,1,,Newport News
42954,106233284267,21648,6093,0,,Newport News
42954,306532674267,21651,6188,0,,Norfolk
42954,106232683326,21646,6093,0,,Newport News
42954,100433273327,21652,6188,0,,Norfolk
42954,112732744267,21706,3718,1,,Stockton
42954,212732673273,21705,3718,1,,Stockton
42954,306532674267,21740,6088,0,,Norfolk
42954,100433273327,21741,6088,0,,Norfolk
42954,106233284267,21761,6185,1,,Virginia Beach
42954,106232683326,21759,6185,1,,Virginia Beach
42954,106233284267,21766,6193,1,,Virginia Beach
42954,106232683326,21764,6193,1,,Virginia Beach
42954,112733314267,21779,4580,1,,Los Angeles
42954,212732673273,21775,4580,1,,Los Angeles
42954,112732743325,21776,4580,1,,Los Angeles
42954,107233263330,21777,4580,1,,Los Angeles
42954,100733273329,21778,4580,1,,Los Angeles
42954,112732744267,21797,3768,1,,Stockton
42956,306532674267,16246,364,1,,Port Huron
42956,306232674267,16248,364,1,,Port Huron
42956,306532674267,16649,365,0,,Chicago
42956,306232674267,16650,365,0,,Chicago
55,312732674267,16251,370,1,27,Grand Rapids
55,312732674267,16311,371,0,28,Chicago
42957,312732674267,2357,380,1,,Chicago
42957,312732674267,2395,383,0,,Quincy
72,312732674267,2361,381,0,69,Quincy
72,312732674267,2384,382,1,70,Chicago
63,312732674267,2459,390,0,109,Chicago
63,312732674267,2461,391,1,110,Carbondale
56,312732674267,2470,392,0,121,Chicago
56,312732674267,2471,393,1,122,Carbondale
41044,306532674267,18030,400,0,317,Greenfield
41044,306532674267,18043,461,1,315,New Haven
41044,100433273327,18031,400,0,317,Greenfield
41044,100433273327,18044,461,1,315,New Haven
41044,106233284267,18110,471,1,315,New Haven
41044,106233284267,18137,478,0,316,Greenfield
41044,306532674267,18145,488,0,316,Greenfield
41044,306532674267,18161,499,1,320,Springfield
41044,206232673326,18108,471,1,315,New Haven
41044,206232673326,18135,478,0,316,Greenfield
41044,100433273327,18146,488,0,316,Greenfield
41044,100433273327,18162,499,1,320,Springfield
41044,106233284267,18169,494,0,316,Greenfield
41044,206232673326,18167,494,0,316,Greenfield
41044,106233284267,20633,495,1,315,New Haven
41044,206232673326,20631,495,1,315,New Haven
42895,306532674267,10758,6286,0,,San Jose
42895,306532674267,10760,6287,1,,Los Angeles
42895,312732674267,13248,4010,0,,Santa Maria
42895,306232674267,13268,6238,0,,San Jose
42895,306232674267,13273,6241,1,,Los Angeles
42895,112732884267,21450,4015,1,,Visalia
42895,212732673286,21448,4015,1,,Visalia
42895,100132873287,21449,4015,1,,Visalia
41042,306432674267,2560,409,1,318,New Haven
41042,306432674267,2606,416,0,319,Springfield
41042,306432674267,2735,465,1,318,New Haven
41042,306432674267,11525,497,1,318,New Haven
41042,306532674267,18032,405,1,318,New Haven
41042,306532674267,18035,450,0,319,Springfield
41042,306532674267,18038,460,0,319,Springfield
41042,300132674267,18045,463,1,318,New Haven
41042,306532674267,18048,464,0,319,Springfield
41042,100433273327,18034,405,1,318,New Haven
41042,100433273327,18037,450,0,319,Springfield
41042,100433273327,18040,460,0,319,Springfield
41042,100433273327,18047,463,1,318,New Haven
41042,100433273327,18050,464,0,319,Springfield
41042,106233284267,18090,417,1,318,New Haven
41042,106233284267,18095,453,1,,New Haven
41042,300132674267,18096,467,1,318,New Haven
41042,106233284267,18103,470,0,319,Springfield
41042,106233284267,18115,473,1,318,New Haven
41042,106233284267,18120,474,0,319,Springfield
41042,106233284267,18125,475,1,318,New Haven
41042,106233284267,18130,476,0,319,Springfield
41042,106233284267,18142,479,1,318,New Haven
41042,106233284267,18151,490,0,319,Springfield
41042,206232673326,18088,417,1,318,New Haven
41042,206232673326,18093,453,1,,New Haven
41042,100433273327,18098,467,1,318,New Haven
41042,206232673326,18101,470,0,319,Springfield
41042,206232673326,18113,473,1,318,New Haven
41042,206232673326,18118,474,0,319,Springfield
41042,206232673326,18123,475,1,318,New Haven
41042,206232673326,18128,476,0,319,Springfield
41042,206232673326,18140,479,1,318,New Haven
41042,206232673326,18149,490,0,319,Springfield
64,112732754267,13275,42,1,,New York
64,212732673274,13274,42,1,,New York
64,112732754267,13277,43,0,,Pittsburgh
64,212732673274,13276,43,0,,Pittsburgh
87,112740704267,15293,21,0,272,San Antonio
87,212732674068,15291,21,0,272,San Antonio
87,100140694069,15292,21,0,272,San Antonio
87,112740704267,15319,22,1,274,Chicago
87,212732674068,15317,22,1,274,Chicago
87,100140694069,15318,22,1,274,Chicago
87,108240704267,21690,421,0,193,Los Angeles
87,208232673274,21683,421,0,193,Los Angeles
87,101632763276,21684,421,0,193,Los Angeles
87,108232793286,21685,421,0,193,Los Angeles
87,108032883290,21686,421,0,193,Los Angeles
87,108232933304,21687,421,0,193,Los Angeles
87,108233074065,21688,421,0,193,Los Angeles
87,100240684068,21689,421,0,193,Los Angeles
87,107440704267,21704,422,1,195,Chicago
87,207432673288,21699,422,1,195,Chicago
87,100832913291,21700,422,1,195,Chicago
87,107432933305,21701,422,1,195,Chicago
87,100233073307,21702,422,1,195,Chicago
87,107433094068,21703,422,1,195,Chicago
60,312732674267,2937,500,0,289,Seattle
60,312732674267,2946,504,0,290,Seattle
60,312732674267,2955,516,0,,Vancouver
60,312732674267,2960,519,1,297,Seattle
60,312732674267,8193,518,0,291,Vancouver
60,312732674267,13189,508,0,289,Seattle
60,312732674267,21601,503,1,292,Eugene
60,312732674267,21603,505,1,292,Eugene
60,312732674267,21605,507,1,293,Portland
60,312732674267,21607,517,1,,Portland
77,112740704267,16124,52,0,6,Lorton
77,212732674068,16122,52,0,6,Lorton
77,100140694069,16123,52,0,6,Lorton
77,112740704267,16163,53,1,5,Sanford
77,212732674068,16161,53,1,5,Sanford
77,100140694069,16162,53,1,5,Sanford
42915,312632674267,2965,5204,0,,Portland
42915,312632674267,2973,5211,1,,Bend
84,306532674267,18484,720,1,59,Sacramento
84,306532674267,18487,723,0,230,San Jose
84,306532674267,18490,724,1,64,Sacramento
84,306532674267,18496,728,1,64,Sacramento
84,306532674267,18499,729,0,,San Jose
84,306532674267,18502,732,1,64,Sacramento
84,306532674267,18505,733,0,60,Oakland
84,306532674267,18508,734,1,59,Sacramento
84,306532674267,18511,737,0,230,San Jose
84,306532674267,18514,738,1,59,Sacramento
84,306532674267,18517,741,0,230,San Jose
84,306532674267,18520,742,1,64,Sacramento
84,306532674267,18525,743,0,230,San Jose
84,306532674267,18527,744,1,64,Sacramento
84,306532674267,18532,746,1,59,Sacramento
84,306532674267,18534,747,0,230,San Jose
84,306532674267,18537,748,1,64,Sacramento
84,100633273328,18486,720,1,59,Sacramento
84,100633273328,18489,723,0,230,San Jose
84,100633273328,18492,724,1,64,Sacramento
84,100633273328,18498,728,1,64,Sacramento
84,100633273328,18501,729,0,,San Jose
84,100633273328,18504,732,1,64,Sacramento
84,100633273328,18507,733,0,60,Oakland
84,100633273328,18510,734,1,59,Sacramento
84,100633273328,18513,737,0,230,San Jose
84,100633273328,18516,738,1,59,Sacramento
84,100633273328,18519,741,0,230,San Jose
84,100633273328,18522,742,1,64,Sacramento
84,100633273328,18526,743,0,230,San Jose
84,100633273328,18529,744,1,64,Sacramento
84,100633273328,18533,746,1,59,Sacramento
84,100633273328,18536,747,0,230,San Jose
84,100633273328,18539,748,1,64,Sacramento
84,106233314267,18544,521,0,230,San Jose
84,106233314267,18549,522,1,59,Sacramento
84,106233314267,18554,523,0,230,San Jose
84,106233314267,18559,524,1,64,Sacramento
84,106233314267,18564,525,0,61,Oakland
84,106233314267,18569,527,0,230,San Jose
84,106233314267,18574,528,1,64,Sacramento
84,106233314267,18579,529,0,,San Jose
84,106233314267,18584,531,0,61,Oakland
84,106233314267,18589,532,1,64,Sacramento
84,106233314267,18594,541,0,230,San Jose
84,106233314267,18601,543,0,61,Oakland
84,106233314267,18606,545,0,61,Oakland
84,106233314267,18611,547,0,230,San Jose
84,106233314267,18616,549,0,61,Oakland
84,106233314267,18621,551,0,61,Oakland
84,306532674267,18622,736,1,63,Auburn
84,306532674267,18627,745,0,61,Oakland
84,306532674267,18629,749,0,61,Oakland
84,306532674267,18632,751,0,61,Oakland
84,206232673326,18542,521,0,230,San Jose
84,206232673326,18547,522,1,59,Sacramento
84,206232673326,18552,523,0,230,San Jose
84,206232673326,18557,524,1,64,Sacramento
84,206232673326,18562,525,0,61,Oakland
84,206232673326,18567,527,0,230,San Jose
84,206232673326,18572,528,1,64,Sacramento
84,206232673326,18577,529,0,,San Jose
84,206232673326,18582,531,0,61,Oakland
84,206232673326,18587,532,1,64,Sacramento
84,206232673326,18592,541,0,230,San Jose
84,206232673326,18599,543,0,61,Oakland
84,206232673326,18604,545,0,61,Oakland
84,206232673326,18609,547,0,230,San Jose
84,206232673326,18614,549,0,61,Oakland
84,206232673326,18619,551,0,61,Oakland
84,100633273328,18624,736,1,63,Auburn
84,100633273328,18628,745,0,61,Oakland
84,100633273328,18631,749,0,61,Oakland
84,100633273328,18634,751,0,61,Oakland
84,106233314267,18640,534,1,59,Sacramento
84,106233314267,18645,536,1,59,Sacramento
84,106233314267,18650,538,1,63,Auburn
84,106233314267,18655,540,1,59,Sacramento
84,106233314267,18660,542,1,64,Sacramento
84,106233314267,18665,544,1,59,Sacramento
84,106233314267,18670,546,1,64,Sacramento
84,206232673326,18638,534,1,59,Sacramento
84,206232673326,18643,536,1,59,Sacramento
84,206232673326,18648,538,1,63,Auburn
84,206232673326,18653,540,1,59,Sacramento
84,206232673326,18658,542,1,64,Sacramento
84,206232673326,18663,544,1,59,Sacramento
84,206232673326,18668,546,1,64,Sacramento
84,106533504267,20576,727,0,230,San Jose
84,206532673273,20567,727,0,230,San Jose
84,106432743274,20568,727,0,230,San Jose
84,106532803301,20569,727,0,230,San Jose
84,106433023302,20570,727,0,230,San Jose
84,106533083322,20571,727,0,230,San Jose
84,106433233323,20572,727,0,230,San Jose
84,100633273328,20573,727,0,230,San Jose
84,106533293343,20574,727,0,230,San Jose
84,106433443344,20575,727,0,230,San Jose
84,106233314267,21323,548,1,59,Sacramento
84,206232673326,21321,548,1,59,Sacramento
18650,112733604267,11089,5521,1,,Springfield
18650,112733604267,11094,5522,0,,Galesburg
18650,112733614267,11099,8358,0,,St. Louis
18650,112733604267,11104,8359,1,,Carbondale
18650,212732673326,11085,5521,1,,Springfield
18650,112733283358,11087,5521,1,,Springfield
18650,212732673326,11090,5522,0,,Galesburg
18650,112733283358,11092,5522,0,,Galesburg
18650,212732673327,11095,8358,0,,St. Louis
18650,112733293359,11097,8358,0,,St. Louis
18650,212732673326,11100,8359,1,,Carbondale
18650,112733283358,11102,8359,1,,Carbondale
42933,312732674267,3421,6005,1,,Fraser
42933,312732674267,3422,6006,1,,Fraser
42933,312732674267,3668,6205,1,,Winter Park
42933,312732674267,3669,6206,1,,Winter Park
94,106432954267,3539,612,1,22,Philadelphia
94,306432674267,3565,615,0,25,Harrisburg
94,306432674267,3737,637,0,24,Philadelphia
94,300232674267,3744,639,0,24,Philadelphia
94,100132944267,4231,674,1,21,New York
94,206432673288,3538,612,1,22,Philadelphia
94,200132673287,4230,674,1,21,New York
94,100232934267,7555,658,1,21,New York
94,200232673286,7554,658,1,21,New York
94,106432954267,18172,610,1,22,Philadelphia
94,100132944267,18176,611,0,25,Harrisburg
94,100232934267,18180,624,1,21,New York
94,106532944267,18184,660,1,21,New York
94,100132944267,18188,662,1,21,New York
94,106532944267,18192,664,1,21,New York
94,106532944267,18196,666,1,21,New York
94,106532944267,18200,670,1,21,New York
94,206432673288,18171,610,1,22,Philadelphia
94,100433273327,18173,610,1,22,Philadelphia
94,200132673287,18175,611,0,25,Harrisburg
94,100433273327,18177,611,0,25,Harrisburg
94,200232673286,18179,624,1,21,New York
94,100833263326,18181,624,1,21,New York
94,206532673288,18183,660,1,21,New York
94,100433273327,18185,660,1,21,New York
94,200132673287,18187,662,1,21,New York
94,106833273330,18189,662,1,21,New York
94,206532673288,18191,664,1,21,New York
94,100433273327,18193,664,1,21,New York
94,206532673288,18195,666,1,21,New York
94,100433273327,18197,666,1,21,New York
94,206532673288,18199,670,1,21,New York
94,100433273327,18201,670,1,21,New York
94,106233284267,18208,600,1,21,New York
94,106033314267,18214,618,1,22,Philadelphia
94,106233284267,18221,620,1,22,Philadelphia
94,106033274267,18228,622,1,22,Philadelphia
94,106233284267,18237,640,1,21,New York
94,106233284267,18246,642,1,21,New York
94,106532944267,18298,661,0,23,Harrisburg
94,306532674267,18300,663,0,23,Harrisburg
94,306532674267,18303,665,0,23,Harrisburg
94,306532674267,18306,667,0,23,Harrisburg
94,306532674267,18309,669,0,23,Harrisburg
94,306532674267,18312,671,0,23,Harrisburg
94,106532944267,18317,672,1,21,New York
94,206232673286,18205,600,1,21,New York
94,106232893326,18206,600,1,21,New York
94,206032673285,18211,618,1,22,Philadelphia
94,106032893326,18212,618,1,22,Philadelphia
94,206232673286,18218,620,1,22,Philadelphia
94,106232893326,18219,620,1,22,Philadelphia
94,206032673285,18225,622,1,22,Philadelphia
94,106032893325,18226,622,1,22,Philadelphia
94,206232673286,18233,640,1,21,New York
94,106232893320,18234,640,1,21,New York
94,105833213326,18235,640,1,21,New York
94,206232673286,18242,642,1,21,New York
94,106232893320,18243,642,1,21,New York
94,105833213326,18244,642,1,21,New York
94,206532673288,18297,661,0,23,Harrisburg
94,100433273327,18299,661,0,23,Harrisburg
94,100433273327,18302,663,0,23,Harrisburg
94,100433273327,18305,665,0,23,Harrisburg
94,100433273327,18308,667,0,23,Harrisburg
94,100433273327,18311,669,0,23,Harrisburg
94,100433273327,18314,671,0,23,Harrisburg
94,206532673288,18316,672,1,21,New York
94,100433273327,18318,672,1,21,New York
94,106233284267,18345,601,0,25,Harrisburg
94,106233284267,18351,605,0,25,Harrisburg
94,106233284267,18358,607,0,25,Harrisburg
94,106233284267,18377,643,0,23,Harrisburg
94,106233284267,18421,657,0,23,Harrisburg
94,206232673286,18342,601,0,25,Harrisburg
94,106232893326,18343,601,0,25,Harrisburg
94,206232673286,18348,605,0,25,Harrisburg
94,106232893326,18349,605,0,25,Harrisburg
94,206232673286,18355,607,0,25,Harrisburg
94,106232893326,18356,607,0,25,Harrisburg
94,206232673286,18374,643,0,23,Harrisburg
94,106232893326,18375,643,0,23,Harrisburg
94,206232673326,18419,657,0,23,Harrisburg
94,106433303330,18978,115,0,23,Harrisburg
94,106233284267,19924,641,0,23,Harrisburg
94,206232673272,19920,641,0,23,Harrisburg
94,106232753286,19921,641,0,23,Harrisburg
94,106232893326,19922,641,0,23,Harrisburg
94,106233284267,20336,644,1,21,New York
94,106233284267,20343,646,1,21,New York
94,206232673286,20333,644,1,21,New York
94,106232893326,20334,644,1,21,New York
94,206232673286,20340,646,1,21,New York
94,106232893326,20341,646,1,21,New York
94,106233284267,20350,609,0,23,Harrisburg
94,106233284267,20357,645,0,23,Harrisburg
94,106233284267,20364,647,0,23,Harrisburg
94,106233284267,20371,648,1,21,New York
94,106233284267,20378,649,0,23,Harrisburg
94,106233284267,20385,650,1,21,New York
94,106233284267,20391,651,0,23,Harrisburg
94,106233284267,20403,653,0,23,Harrisburg
94,106233284267,20410,654,1,21,New York
94,106233284267,20417,655,0,23,Harrisburg
94,106233284267,20424,656,1,21,New York
94,206232673286,20347,609,0,23,Harrisburg
94,106232893326,20348,609,0,23,Harrisburg
94,206232673286,20354,645,0,23,Harrisburg
94,106232893326,20355,645,0,23,Harrisburg
94,206232673286,20361,647,0,23,Harrisburg
94,106232893326,20362,647,0,23,Harrisburg
94,206232673286,20368,648,1,21,New York
94,106232893326,20369,648,1,21,New York
94,206232673286,20375,649,0,23,Harrisburg
94,106232893326,20376,649,0,23,Harrisburg
94,206232673286,20382,650,1,21,New York
94,106232893326,20383,650,1,21,New York
94,206232673286,20388,651,0,23,Harrisburg
94,106232893326,20389,651,0,23,Harrisburg
94,206232673326,20401,653,0,23,Harrisburg
94,206232673286,20407,654,1,21,New York
94,106232893326,20408,654,1,21,New York
94,206232673286,20414,655,0,23,Harrisburg
94,106232893326,20415,655,0,23,Harrisburg
94,206232673286,20421,656,1,21,New York
94,106232893326,20422,656,1,21,New York
94,106233284267,20431,652,1,21,New York
94,206232673286,20428,652,1,21,New York
94,106232893326,20429,652,1,21,New York
42918,312732674267,3452,6064,1,,Albany
42918,312732674267,3694,6280,1,,Albany
42918,312732674267,3695,6281,0,,Colchester
42918,312732674267,3724,6337,0,,Colchester
42958,112732684267,21801,6089,1,,Swansboro
42958,112732684267,21809,6189,1,,Wilmington
42958,112732684267,21813,6190,0,,Wilson
42958,112732684267,21817,6090,0,,Wilson
61,106532874267,4563,694,1,153,Boston
61,106532874267,4610,695,0,152,Brunswick
61,206532673281,4559,694,1,153,Boston
61,206532673281,4606,695,0,152,Brunswick
61,106233284267,17205,680,1,153,Boston
61,106233284267,17211,681,0,152,Brunswick
61,106233284267,17217,682,1,153,Boston
61,106233284267,17223,683,0,152,Brunswick
61,106233284267,17229,686,1,153,Boston
61,106233284267,17235,687,0,152,Brunswick
61,106233284267,17241,688,1,153,Boston
61,306532674267,17242,690,1,153,Boston
61,106532874267,17247,691,0,152,Brunswick
61,106532874267,17251,692,1,153,Boston
61,106532874267,17255,693,0,152,Brunswick
61,106532874267,17259,696,1,153,Boston
61,106532874267,17263,697,0,152,Brunswick
61,106532874267,17267,698,1,153,Boston
61,206232673326,17203,680,1,153,Boston
61,206232673282,17208,681,0,152,Brunswick
61,106232833326,17209,681,0,152,Brunswick
61,206232673282,17214,682,1,153,Boston
61,106232833326,17215,682,1,153,Boston
61,206232673282,17220,683,0,152,Brunswick
61,106232833326,17221,683,0,152,Brunswick
61,206232673282,17226,686,1,153,Boston
61,106232833326,17227,686,1,153,Boston
61,206232673282,17232,687,0,152,Brunswick
61,106232833326,17233,687,0,152,Brunswick
61,206232673282,17238,688,1,153,Boston
61,106232833326,17239,688,1,153,Boston
61,100433273327,17244,690,1,153,Boston
61,206532673281,17245,691,0,152,Brunswick
61,100433273327,17248,691,0,152,Brunswick
61,206532673281,17249,692,1,153,Boston
61,100433273327,17252,692,1,153,Boston
61,206532673281,17253,693,0,152,Brunswick
61,100433273327,17256,693,0,152,Brunswick
61,206532673281,17257,696,1,153,Boston
61,100433273327,17260,696,1,153,Boston
61,206532673281,17261,697,0,152,Brunswick
61,100433273327,17264,697,0,152,Brunswick
61,206532673281,17265,698,1,153,Boston
61,100433273327,17268,698,1,153,Boston
61,106233284267,17288,684,1,153,Boston
61,106233284267,17294,685,0,152,Brunswick
61,106233284267,17312,689,0,152,Brunswick
61,206232673282,17285,684,1,153,Boston
61,106232833326,17286,684,1,153,Boston
61,206232673282,17291,685,0,152,Brunswick
61,106232833326,17292,685,0,152,Brunswick
61,106232713277,17303,689,0,152,Brunswick
61,103232823282,17305,689,0,152,Brunswick
61,102832833290,17306,689,0,152,Brunswick
61,106232933303,17308,689,0,152,Brunswick
61,106233053326,17310,689,0,152,Brunswick
61,106533084267,21306,699,0,152,Brunswick
61,106432743281,21299,699,0,152,Brunswick
61,100132803280,21300,699,0,152,Brunswick
61,100132873287,21301,699,0,152,Brunswick
61,106532953301,21304,699,0,152,Brunswick
61,100433273327,21307,699,0,152,Brunswick
61,105732683273,21310,1689,0,152,Brunswick
61,100632783279,21311,1689,0,152,Brunswick
61,111032863292,21313,1689,0,152,Brunswick
61,100132943294,21314,1689,0,152,Brunswick
61,108033023304,21315,1689,0,152,Brunswick
26025,312732674267,4832,716,1,223,Bakersfield
26025,312732674267,4838,718,1,223,Bakersfield
26025,312732674267,8152,711,0,221,Oakland
26025,312732674267,14385,703,0,222,Sacramento
26025,112732884267,21404,713,0,221,Oakland
26025,112732884267,21407,715,0,221,Oakland
26025,212732673286,21402,713,0,221,Oakland
26025,100132873287,21403,713,0,221,Oakland
26025,212732673286,21405,715,0,221,Oakland
26025,100132873287,21406,715,0,221,Oakland
26025,112732884267,21410,702,1,224,Bakersfield
26025,112732884267,21418,717,0,221,Oakland
26025,112732884267,21421,719,0,221,Oakland
26025,212732673286,21408,702,1,224,Bakersfield
26025,100132873287,21409,702,1,224,Bakersfield
26025,212732673286,21416,717,0,221,Oakland
26025,100132873287,21417,717,0,221,Oakland
26025,212732673286,21419,719,0,221,Oakland
26025,100132873287,21420,719,0,221,Oakland
26025,112732884267,21424,710,1,223,Bakersfield
26025,112732884267,21427,712,1,223,Bakersfield
26025,112732884267,21430,714,1,223,Bakersfield
26025,212732673286,21422,710,1,223,Bakersfield
26025,100132873287,21423,710,1,223,Bakersfield
26025,212732673286,21425,712,1,223,Bakersfield
26025,100132873287,21426,712,1,223,Bakersfield
26025,212732673286,21428,714,1,223,Bakersfield
26025,100132873287,21429,714,1,223,Bakersfield
79,312732674267,16346,75,0,108,Charlotte
79,312732674267,16349,77,0,108,Charlotte
79,312732674267,16357,74,1,107,Raleigh
79,312732674267,16363,78,1,107,Raleigh
79,112733024267,19763,72,1,107,Raleigh
79,212732673285,19759,72,1,107,Raleigh
79,112732863295,19760,72,1,107,Raleigh
79,106232963300,19761,72,1,107,Raleigh
79,100133013301,19762,72,1,107,Raleigh
79,112733024267,21051,71,0,108,Charlotte
79,112733024267,21057,76,1,107,Raleigh
79,206532673274,21047,71,0,108,Charlotte
79,106232683272,21048,71,0,108,Charlotte
79,112732753300,21049,71,0,108,Charlotte
79,100133013301,21050,71,0,108,Charlotte
79,206532673274,21053,76,1,107,Raleigh
79,106232683272,21054,76,1,107,Raleigh
79,112732753300,21055,76,1,107,Raleigh
79,100133013301,21056,76,1,107,Raleigh
79,112733034267,21063,73,0,108,Charlotte
79,212732673273,21058,73,0,108,Charlotte
79,106432743274,21059,73,0,108,Charlotte
79,112732753300,21060,73,0,108,Charlotte
79,100133013301,21061,73,0,108,Charlotte
79,106433023302,21062,73,0,108,Charlotte
23565,312732674267,4809,7103,0,,Los Alamos
23565,312732674267,4812,7104,1,,Lamy
23565,312732674267,4848,7203,1,,Lamy
23565,312732674267,4851,7204,0,,Los Alamos
44,112740014267,5393,7903,1,,Williams
44,112740014267,5398,7904,0,,Grand Canyon Village
44,212732673304,5389,7903,1,,Williams
44,112733053358,5390,7903,1,,Williams
44,109533603365,5392,7903,1,,Williams
44,212732673304,5394,7904,0,,Grand Canyon Village
44,112733053358,5395,7904,0,,Grand Canyon Village
44,109533603365,5397,7904,0,,Grand Canyon Village
42912,103240714071,14287,8103,0,,Las Vegas
42912,112740714267,14670,8003,0,,Las Vegas
42912,112740704267,14675,8004,1,,Kingman
42912,212732673309,14668,8003,0,,Las Vegas
42912,112733104070,14669,8003,0,,Las Vegas
42912,212732673309,14673,8004,1,,Kingman
42912,112733104069,14674,8004,1,,Kingman
39520,302832674267,5447,8033,0,,Pittsburgh
39520,309932674267,5448,8033,0,,Pittsburgh
39520,312732674267,5449,8034,1,,Du Bois
39520,312732674267,7811,8037,0,,Pittsburgh
39520,312732674267,7817,8042,1,,State College
39520,112732744267,21349,8011,1,,Harrisburg
39520,112732744267,21351,8014,0,,Williamsport
39520,212732673273,21348,8011,1,,Harrisburg
39520,212732673273,21350,8014,0,,Williamsport
42962,112740924267,5481,8077,0,,Frederick
42962,312732674267,5526,8109,1,,Ocean City
42962,312732674267,5530,8110,0,,Baltimore
42962,112733604267,16523,8070,1,,Baltimore
42962,112733604267,16526,8073,0,,Grantsville
42962,112733604267,16529,8078,1,,Baltimore
42962,112733604267,16532,8081,0,,Frederick
42962,112633284267,16535,8090,1,,Baltimore
42962,112633284267,16538,8091,0,,Grantsville
42962,306632674267,16539,8095,0,,Frederick
42962,106033314267,16542,8095,0,,Frederick
42962,112633284267,16545,8096,1,,Baltimore
42962,112733604267,16548,8108,0,,Baltimore
42962,112733604267,16551,8111,1,,Ocean City
42962,112733604267,16554,8112,0,,Baltimore
42962,112733604267,16557,8113,1,,Ocean City
42962,112733604267,16560,8114,0,,Baltimore
42962,112733604267,16565,8115,1,,Ocean City
42962,112733604267,16570,8116,0,,Baltimore
42962,112733604267,16575,8117,1,,Ocean City
42962,112733284267,16578,8118,0,,Baltimore
42962,112733284267,16581,8119,1,,Ocean City
42962,112733414267,16588,8120,0,,Baltimore
42962,112733414267,16593,8121,1,,Ocean City
42962,212732673358,16521,8070,1,,Baltimore
42962,212732673358,16524,8073,0,,Grantsville
42962,212732673358,16527,8078,1,,Baltimore
42962,212732673358,16530,8081,0,,Frederick
42962,212632673326,16533,8090,1,,Baltimore
42962,212632673326,16536,8091,0,,Grantsville
42962,206032673326,16540,8095,0,,Frederick
42962,212632673326,16543,8096,1,,Baltimore
42962,212732673358,16546,8108,0,,Baltimore
42962,212732673358,16549,8111,1,,Ocean City
42962,212732673358,16552,8112,0,,Baltimore
42962,212732673358,16555,8113,1,,Ocean City
42962,212732673358,16558,8114,0,,Baltimore
42962,212732673358,16563,8115,1,,Ocean City
42962,212732673326,16566,8116,0,,Baltimore
42962,112733283358,16568,8116,0,,Baltimore
42962,212732673326,16571,8117,1,,Ocean City
42962,112733283358,16573,8117,1,,Ocean City
42962,212732673326,16576,8118,0,,Baltimore
42962,212732673326,16579,8119,1,,Ocean City
42962,212732673326,16584,8120,0,,Baltimore
42962,112733283339,16586,8120,0,,Baltimore
42962,212732673326,16589,8121,1,,Ocean City
42962,112733283339,16591,8121,1,,Ocean City
23,312732674267,13947,8650,0,,Gaylord
23,312732674267,13949,8855,1,,Kalamazoo
23,312732674267,14095,8364,0,,Sault Sainte Marie
23,312732674267,14099,8365,1,,Kalamazoo
23,312732674267,15874,8532,1,,Milwaukee
23,312732674267,15877,8539,0,,Hancock
29498,312732674267,5597,8177,0,,Madison
29498,312732674267,5599,8179,0,,Madison
29498,306632674267,5600,8181,0,,Madison
29498,312732674267,5601,8183,0,,Madison
29498,312732674267,5602,8185,0,,Madison
29498,306632674267,5603,8187,0,,Madison
29498,306432674267,5605,8189,0,,Madison
29498,312732674267,5726,8272,1,,Milwaukee
29498,312732674267,5728,8274,1,,Milwaukee
29498,306632674267,5730,8276,1,,Milwaukee
29498,312732674267,5732,8278,1,,Milwaukee
29498,312732674267,5734,8280,1,,Milwaukee
29498,306632674267,5738,8282,1,,Milwaukee
29498,306432674267,5741,8284,1,,Milwaukee
15159,112740014267,5637,8202,0,,Wilkes-Barre
15159,112740014267,5640,8203,1,,PHILADELPHIA BUS STA
15159,312732674267,7773,8201,1,,Philadelphia
15159,312732674267,14587,8208,0,,Wilkes-Barre
39381,312732674267,5755,8298,0,,Massena
39381,312732674267,5757,8299,1,,Syracuse
39381,112740014267,6202,8637,1,,Elmira
39381,112740014267,6205,8638,0,,Rochester
22580,312732674267,5929,8411,1,,Klamath Falls
22580,312732674267,5941,8414,0,,Redmond
22580,312732674267,13511,8612,1,,Florence
22580,312732674267,13515,8613,0,,Eugene
22580,312732674267,13519,8614,1,,Florence
22580,312732674267,13523,8615,0,,Eugene
22580,312732674267,14630,8309,0,,Bend
22580,312732674267,14633,8310,1,,Eugene
42935,112740014267,5869,8382,1,,Madison
42935,112740014267,5872,8383,0,,Green Bay
42935,112740014267,5875,8384,1,,Janesville
42935,112740014267,5878,8385,0,,Wausau
42935,312732674267,5879,8387,0,,La Crosse
42935,312732674267,5880,8388,1,,Milwaukee
42935,312732674267,5884,8391,0,,St. Paul
42935,312732674267,5885,8396,1,,Milwaukee
39850,312732674267,6057,8506,1,,La Crosse
39850,312732674267,6059,8507,0,,St. Paul
39850,312732674267,6061,8508,1,,La Crosse
39850,312732674267,6063,8511,0,,St. Paul
39850,312732674267,6064,8512,1,,La Crosse
39850,312732674267,6065,8513,0,,Rochester
39850,312732674267,6110,8553,1,,Phoenix
39850,312732674267,6115,8556,0,,Flagstaff
39850,312732674267,6120,8559,1,,Phoenix
39850,312732674267,6121,8560,0,,Flagstaff
39850,312732674267,6126,8563,1,,Phoenix
39850,312732674267,6127,8564,0,,Flagstaff
39850,312732674267,6132,8567,1,,Phoenix
39850,312732674267,6133,8568,0,,Flagstaff
39850,312732674267,6136,8570,0,,Grand Canyon Village
39850,312732674267,6137,8571,1,,Flagstaff
39850,312732674267,6138,8572,0,,Grand Canyon Village
39850,312732674267,6139,8573,1,,Flagstaff
39850,312732674267,6140,8574,0,,Grand Canyon Village
39850,312732674267,6143,8577,1,,Flagstaff
39850,312732674267,6144,8578,0,,Flagstaff
39850,312732674267,6145,8579,1,,Phoenix
39850,312732674267,6148,8582,0,,Flagstaff
39850,312732674267,6157,8587,1,,Phoenix
39850,212732673304,6149,8583,1,,Sedona
39850,212732673304,6151,8584,0,,Flagstaff
39850,212732673304,6153,8585,1,,Sedona
39850,212732673304,6155,8586,0,,Flagstaff
21306,312732674267,6091,8526,1,,Normal
21306,312732674267,13698,8523,0,,Peoria
21306,312732674267,13701,8524,1,,Normal
21306,312732674267,13705,8525,0,,Peoria
21306,312732674267,13740,8522,1,,Normal
21306,112740014267,14298,8521,0,,Peoria
21306,112740014267,14302,8528,1,,Normal
39384,112740014267,6101,8540,1,,Highmount
39384,112740014267,6104,8541,0,,Utica
33820,108440724267,14532,8601,1,,Maricopa
33820,103740714267,14537,8602,1,,Maricopa
33820,108440724267,14542,8901,0,,Phoenix
33820,103740714267,14547,8902,0,,Phoenix
33820,208432673306,14530,8601,1,,Maricopa
33820,108433094070,14531,8601,1,,Maricopa
33820,203732673308,14535,8602,1,,Maricopa
33820,103733104069,14536,8602,1,,Maricopa
33820,208432673306,14540,8901,0,,Phoenix
33820,108433094070,14541,8901,0,,Phoenix
33820,203732673308,14545,8902,0,,Phoenix
33820,103733104069,14546,8902,0,,Phoenix
39297,312732674267,6176,8605,1,,Crested Butte
39297,312732674267,6177,8606,0,,Denver
21313,306432674267,6209,8645,0,,Blacksburg
21313,300232674267,6240,8671,0,,Blacksburg
21313,306032674267,6243,8671,0,,Blacksburg
21313,300132674267,9565,8647,0,,Blacksburg
21313,306532674267,9568,8656,1,,Roanoke
43,112740714267,14340,8721,0,,Fort Cavazos
43,112740714267,14343,8722,0,,Fort Cavazos
43,112740714267,14346,8821,1,,Temple
43,112740714267,14349,8822,1,,Temple
43,212732674069,14338,8721,0,,Fort Cavazos
43,106440704070,14339,8721,0,,Fort Cavazos
43,212732674069,14341,8722,0,,Fort Cavazos
43,106440704070,14342,8722,0,,Fort Cavazos
43,212732674069,14344,8821,1,,Temple
43,106440704070,14345,8821,1,,Temple
43,212732674069,14347,8822,1,,Temple
43,106440704070,14348,8822,1,,Temple
6,106240014267,6289,8743,1,,Boston
6,106240014267,6291,8746,0,,Portsmouth
6,106240014267,6294,8748,0,,Portsmouth
6,106540064267,6295,8748,0,,Portsmouth
6,112740014267,6297,8749,1,,Boston
6,112740014267,6300,8750,0,,Portsmouth
6,112740014267,6302,8752,0,,Portsmouth
6,112740014267,6304,8754,0,,Portsmouth
6,112740014267,6307,8760,0,,Portsmouth
6,112740014267,6309,8761,1,,Boston
6,112740014267,6311,8763,1,,Boston
6,112740014267,6313,8765,1,,Boston
6,112740014267,6315,8767,1,,Boston
6,112740014267,6317,8768,0,,Portsmouth
6,112740014267,6319,8769,1,,Boston
6,112740014267,6322,8770,0,,Portsmouth
6,112740014267,6324,8771,1,,Boston
6,112740014267,6326,8772,0,,Portsmouth
6,112740014267,6328,8773,1,,Boston
40050,312732674267,6333,8778,0,,Port Angeles
40050,312732674267,7296,8779,1,,Seattle
40050,312732674267,21182,8776,0,,Port Angeles
40050,312732674267,21185,8777,1,,Seattle
21261,312732674267,6351,8809,0,,Tacoma
21261,312732674267,6381,8827,1,,Boise
21261,312732674267,6382,8828,0,,Spokane
21261,312732674267,6446,8888,1,,Lewiston
21261,312732674267,6447,8889,0,,Spokane
21261,312732674267,11058,8848,1,,Spokane
21235,312732674267,6400,8841,0,,Pasco
21235,312732674267,6403,8842,1,,Walla Walla
21235,312732674267,6406,8843,0,,Pasco
21235,312732674267,6409,8844,1,,Walla Walla
21235,312732674267,6412,8845,0,,Pasco
21235,312732674267,6415,8846,1,,Walla Walla
42891,112740714267,14263,8853,1,,Flagstaff
42891,112740714267,14266,8854,1,,Flagstaff
42891,112740714267,14275,8953,0,,Williams
42891,112740714267,14278,8954,0,,Williams
42891,212732673308,14261,8853,1,,Flagstaff
42891,112733094070,14262,8853,1,,Flagstaff
42891,212732673308,14264,8854,1,,Flagstaff
42891,112733094070,14265,8854,1,,Flagstaff
42891,212732673308,14273,8953,0,,Williams
42891,112733094070,14274,8953,0,,Williams
42891,212732673308,14276,8954,0,,Williams
42891,112733094070,14277,8954,0,,Williams
21152,312732674267,6464,8900,0,,Vancouver
21152,312732674267,6476,8906,0,,Vancouver
21152,312732674267,6478,8909,1,,Seattle
21152,312732674267,6479,8911,1,,Seattle
21152,312732674267,6484,8914,0,,Vancouver
21152,312732674267,6499,8948,0,,Vancouver
21152,312732674267,6509,8957,1,,Seattle
21152,312732674267,13022,8907,1,,Seattle
42920,312732674267,6472,8903,1,,Oklahoma City
42920,312732674267,6475,8904,0,,Newton
42983,306232674267,6613,9300,0,,Washington
42983,306232674267,6614,9301,1,,Fredericksburg
42983,306232674267,6615,9302,0,,Washington
42983,306232674267,6616,9303,1,,Fredericksburg
42983,306232674267,6617,9304,0,,Washington
42983,306232674267,6618,9305,1,,Fredericksburg
42983,306232674267,6619,9306,0,,Washington
42983,306232674267,6620,9307,1,,Fredericksburg
42983,306232674267,6621,9308,0,,Washington
42983,306232674267,6622,9309,1,,Fredericksburg
42983,306232674267,6626,9310,0,,Washington
42983,306232674267,6627,9311,1,,Fredericksburg
42983,306232674267,6628,9312,0,,Washington
42983,306232674267,6629,9313,1,,Fredericksburg
42983,306232674267,6630,9314,0,,Washington
42983,306232674267,6634,9320,1,,Washington
42983,306232674267,6635,9321,0,,BROAD RUN-ZONE6
42983,306232674267,6636,9322,1,,Washington
42983,306232674267,6637,9323,0,,BROAD RUN-ZONE6
42983,306232674267,6638,9324,1,,Washington
42983,306232674267,6639,9325,0,,BROAD RUN-ZONE6
42983,306232674267,6640,9326,1,,Washington
42983,306232674267,6641,9327,0,,BROAD RUN-ZONE6
42983,306232674267,6642,9328,1,,Washington
42983,306232674267,6643,9329,0,,BROAD RUN-ZONE6
42983,306232674267,6644,9330,1,,Washington
42983,306232674267,6645,9331,0,,BROAD RUN-ZONE6
42983,306232674267,6646,9332,1,,Washington
42983,306232674267,6647,9333,0,,BROAD RUN-ZONE6
42983,306232674267,6648,9335,0,,BROAD RUN-ZONE6
42983,306232674267,6649,9336,1,,Washington
42983,306232674267,6650,9337,0,,BROAD RUN-ZONE6
42983,306232674267,6651,9338,1,,Washington
42985,306232674267,6689,9406,0,,Baltimore
42985,306432674267,6948,9484,0,,Baltimore
42985,306432674267,6949,9485,1,,Washington
42985,106432814267,6954,9486,0,,Baltimore
42985,306432674267,6958,9488,0,,Baltimore
42985,306432674267,6968,9493,1,,Washington
42985,306232674267,7040,9534,0,,PERRYVILLE
42985,306232674267,7071,9550,0,,PERRYVILLE
42985,306232674267,7088,9583,1,,Baltimore
42985,306232674267,7091,9585,1,,Baltimore
42985,306232674267,7094,9587,1,,Baltimore
42985,306232674267,7143,9638,1,,Old Saybrook
42985,306232674267,7171,9652,0,,PERRYVILLE
42985,306232674267,7172,9654,0,,PERRYVILLE
42985,306232674267,7186,9679,1,,Washington
42985,306432674267,7190,9681,1,,Washington
42985,306432674267,7193,9683,1,,Washington
42985,306432674267,7201,9692,0,,MARTIN AIRPORT
42985,306432674267,7202,9694,0,,MARTIN AIRPORT
42985,206432673274,6952,9486,0,,Baltimore
42985,306432674267,19884,9478,0,,Baltimore
42985,306432674267,19908,9677,1,,Washington
42985,106233314267,19928,9400,0,,Baltimore
42985,106233314267,19938,9404,0,,Baltimore
42985,106233314267,19944,9408,0,,Baltimore
42985,106233314267,19951,9410,0,,Baltimore
42985,106233314267,19955,9412,0,,Baltimore
42985,106233314267,19962,9414,0,,Baltimore
42985,106233314267,19969,9416,0,,Baltimore
42985,106233314267,19973,9418,0,,Baltimore
42985,106233314267,19983,9422,0,,Baltimore
42985,106233314267,19990,9424,0,,Baltimore
42985,106233314267,19994,9426,0,,Baltimore
42985,106233314267,20001,9428,0,,Baltimore
42985,106233314267,20008,9430,0,,Baltimore
42985,106233314267,20021,9438,0,,Baltimore
42985,106233314267,20027,9440,0,,Baltimore
42985,106233314267,20037,9446,0,,Baltimore
42985,106233314267,20044,9448,0,,Baltimore
42985,106233314267,20057,9502,0,,PERRYVILLE
42985,106233314267,20070,9520,0,,PERRYVILLE
42985,106233314267,20076,9532,0,,PERRYVILLE
42985,106233314267,20079,9536,0,,PERRYVILLE
42985,106233314267,20085,9544,0,,PERRYVILLE
42985,106233314267,20089,9554,0,,PERRYVILLE
42985,106233314267,20095,9610,0,,MARTIN AIRPORT
42985,106233314267,20099,9612,0,,MARTIN AIRPORT
42985,106233314267,20106,9634,0,,MARTIN AIRPORT
42985,106233314267,20113,9642,0,,MARTIN AIRPORT
42985,206232673326,19926,9400,0,,Baltimore
42985,206232673326,19936,9404,0,,Baltimore
42985,206232673326,19942,9408,0,,Baltimore
42985,206232673326,19949,9410,0,,Baltimore
42985,206232673326,19953,9412,0,,Baltimore
42985,206232673326,19960,9414,0,,Baltimore
42985,206232673326,19967,9416,0,,Baltimore
42985,206232673326,19971,9418,0,,Baltimore
42985,206232673326,19981,9422,0,,Baltimore
42985,206232673326,19988,9424,0,,Baltimore
42985,206232673326,19992,9426,0,,Baltimore
42985,206232673326,19999,9428,0,,Baltimore
42985,206232673326,20006,9430,0,,Baltimore
42985,206232673326,20019,9438,0,,Baltimore
42985,206232673326,20025,9440,0,,Baltimore
42985,206232673326,20035,9446,0,,Baltimore
42985,206232673326,20042,9448,0,,Baltimore
42985,206232673326,20055,9502,0,,PERRYVILLE
42985,206232673326,20068,9520,0,,PERRYVILLE
42985,206232673326,20074,9532,0,,PERRYVILLE
42985,206232673326,20077,9536,0,,PERRYVILLE
42985,206232673326,20083,9544,0,,PERRYVILLE
42985,206232673326,20087,9554,0,,PERRYVILLE
42985,206232673326,20093,9610,0,,MARTIN AIRPORT
42985,206232673326,20097,9612,0,,MARTIN AIRPORT
42985,206232673272,20103,9634,0,,MARTIN AIRPORT
42985,106232753326,20104,9634,0,,MARTIN AIRPORT
42985,206232673326,20111,9642,0,,MARTIN AIRPORT
42985,106233314267,20117,9401,1,,Washington
42985,106233314267,20121,9403,1,,Washington
42985,106233314267,20125,9407,1,,Washington
42985,106233314267,20129,9409,1,,Washington
42985,106233314267,20133,9413,1,,Washington
42985,106233314267,20137,9415,1,,Washington
42985,106233314267,20141,9419,1,,Washington
42985,106233314267,20145,9421,1,,Washington
42985,106233314267,20149,9423,1,,Washington
42985,106233314267,20153,9427,1,,Washington
42985,106233314267,20157,9429,1,,Washington
42985,106233314267,20161,9431,1,,Washington
42985,106233314267,20165,9433,1,,Washington
42985,106233314267,20170,9435,1,,Washington
42985,106233314267,20174,9439,1,,Washington
42985,106233314267,20178,9443,1,,Washington
42985,106233314267,20182,9445,1,,Washington
42985,106233314267,20186,9447,1,,Washington
42985,106233314267,20190,9449,1,,Washington
42985,106233314267,20194,9451,1,,Washington
42985,106233314267,20198,9452,0,,Baltimore
42985,106233314267,20202,9453,1,,Washington
42985,300132674267,20203,9481,1,,Washington
42985,306532674267,20205,9487,1,,Washington
42985,306532674267,20207,9491,1,,Washington
42985,106233314267,20212,9505,1,,Washington
42985,106233314267,20216,9511,1,,Washington
42985,106233314267,20220,9517,1,,Washington
42985,106233314267,20224,9525,1,,Washington
42985,106233314267,20228,9537,1,,Washington
42985,106233314267,20232,9548,0,,PERRYVILLE
42985,106233314267,20236,9579,1,,Baltimore
42985,106233314267,20240,9613,1,,Baltimore
42985,106233314267,20244,9641,0,,Washington
42985,300132674267,20245,9675,1,,Washington
42985,300132674267,20247,9689,1,,Washington
42985,300132674267,20249,9685,1,,Washington
42985,206232673326,20114,9401,1,,Washington
42985,206232673326,20118,9403,1,,Washington
42985,206232673326,20122,9407,1,,Washington
42985,206232673326,20126,9409,1,,Washington
42985,206232673326,20130,9413,1,,Washington
42985,206232673326,20134,9415,1,,Washington
42985,206232673326,20138,9419,1,,Washington
42985,206232673326,20142,9421,1,,Washington
42985,206232673326,20146,9423,1,,Washington
42985,206232673326,20150,9427,1,,Washington
42985,206232673326,20154,9429,1,,Washington
42985,206232673326,20158,9431,1,,Washington
42985,206232673326,20162,9433,1,,Washington
42985,206232673326,20167,9435,1,,Washington
42985,206232673326,20171,9439,1,,Washington
42985,206232673326,20175,9443,1,,Washington
42985,206232673326,20179,9445,1,,Washington
42985,206232673326,20183,9447,1,,Washington
42985,206232673326,20187,9449,1,,Washington
42985,206232673326,20191,9451,1,,Washington
42985,206232673326,20196,9452,0,,Baltimore
42985,206232673326,20199,9453,1,,Washington
42985,100233283328,20204,9481,1,,Washington
42985,100233283328,20206,9487,1,,Washington
42985,100233283328,20208,9491,1,,Washington
42985,206232673326,20209,9505,1,,Washington
42985,206232673326,20213,9511,1,,Washington
42985,206232673326,20217,9517,1,,Washington
42985,206232673326,20221,9525,1,,Washington
42985,206232673326,20225,9537,1,,Washington
42985,206232673326,20230,9548,0,,PERRYVILLE
42985,206232673326,20233,9579,1,,Baltimore
42985,206232673326,20237,9613,1,,Baltimore
42985,206232673326,20241,9641,0,,Washington
42985,100233283328,20246,9675,1,,Washington
42985,100233283328,20248,9689,1,,Washington
42985,100233283328,20250,9685,1,,Washington
42985,300132674267,20251,9476,0,,Baltimore
42985,300132674267,20254,9480,0,,Baltimore
42985,306532674267,20257,9482,0,,Baltimore
42985,306532674267,20259,9490,0,,Baltimore
42985,300132674267,20261,9492,0,,Baltimore
42985,300132674267,20263,9494,0,,Baltimore
42985,306532674267,20265,9495,1,,Washington
42985,300132674267,20267,9497,1,,Washington
42985,300132674267,20269,9499,1,,Washington
42985,300132674267,20271,9688,0,,MARTIN AIRPORT
42985,300132674267,20273,9696,0,,MARTIN AIRPORT
42985,300132674267,20275,9698,0,,MARTIN AIRPORT
42985,100233283328,20252,9476,0,,Baltimore
42985,100233283328,20256,9480,0,,Baltimore
42985,100233283328,20258,9482,0,,Baltimore
42985,100233283328,20260,9490,0,,Baltimore
42985,100233283328,20262,9492,0,,Baltimore
42985,100233283328,20264,9494,0,,Baltimore
42985,100233283328,20266,9495,1,,Washington
42985,100233283328,20268,9497,1,,Washington
42985,100233283328,20270,9499,1,,Washington
42985,100233283328,20272,9688,0,,MARTIN AIRPORT
42985,100233283328,20274,9696,0,,MARTIN AIRPORT
42985,100233283328,20276,9698,0,,MARTIN AIRPORT
78,112733034267,17017,564,1,101,San Diego
78,112733034267,17022,580,1,101,San Diego
78,112733034267,17036,774,1,146,San Diego
78,212732673286,17013,564,1,101,San Diego
78,106532873288,17014,564,1,,San Juan Capistrano
78,112732893300,17015,564,1,101,San Diego
78,106533013302,17016,564,1,,San Juan Capistrano
78,212732673286,17018,580,1,101,San Diego
78,106532873288,17019,580,1,,San Juan Capistrano
78,112732893300,17020,580,1,101,San Diego
78,106533013302,17021,580,1,,San Juan Capistrano
78,212732673286,17032,774,1,146,San Diego
78,106532873288,17033,774,1,,San Juan Capistrano
78,112732893300,17034,774,1,146,San Diego
78,106533013302,17035,774,1,,San Juan Capistrano
78,112733034267,17063,581,0,102,Los Angeles
78,112733034267,17095,769,0,149,Goleta
78,112733034267,17102,777,0,148,San Luis Obispo
78,112733034267,17109,785,0,149,Goleta
78,212732673286,17059,581,0,102,Los Angeles
78,106532873288,17060,581,0,,Los Angeles
78,112732893300,17061,581,0,102,Los Angeles
78,106533013302,17062,581,0,,Los Angeles
78,212732673286,17091,769,0,149,Goleta
78,106532873288,17092,769,0,,Goleta
78,112732893300,17093,769,0,149,Goleta
78,106533013302,17094,769,0,,Goleta
78,212732673286,17098,777,0,148,San Luis Obispo
78,106532873288,17099,777,0,,San Luis Obispo
78,112732893300,17100,777,0,148,San Luis Obispo
78,106533013302,17101,777,0,,San Luis Obispo
78,212732673286,17105,785,0,149,Goleta
78,106532873288,17106,785,0,,Goleta
78,112732893300,17107,785,0,149,Goleta
78,106533013302,17108,785,0,,Goleta
78,112733034267,17121,572,1,101,San Diego
78,112733034267,17133,586,1,101,San Diego
78,112733034267,17138,587,0,102,Los Angeles
78,112733034267,17143,591,0,102,Los Angeles
78,212732673286,17117,572,1,101,San Diego
78,112732893300,17119,572,1,101,San Diego
78,212732673286,17129,586,1,101,San Diego
78,112732893300,17131,586,1,101,San Diego
78,212732673286,17134,587,0,102,Los Angeles
78,112732893300,17136,587,0,102,Los Angeles
78,212732673286,17139,591,0,102,Los Angeles
78,106532873288,17140,591,0,,Los Angeles
78,112732893300,17141,591,0,102,Los Angeles
78,106533013302,17142,591,0,,Los Angeles
78,112733044267,17150,761,0,148,San Luis Obispo
78,112733034267,17157,770,1,151,San Diego
78,212732673286,17146,761,0,148,San Luis Obispo
78,109732873289,17147,761,0,150,San Luis Obispo
78,112732903300,17148,761,0,148,San Luis Obispo
78,109733013303,17149,761,0,150,San Luis Obispo
78,212732673286,17153,770,1,151,San Diego
78,106532873288,17154,770,1,,San Juan Capistrano
78,112732893300,17155,770,1,151,San Diego
78,106533013302,17156,770,1,,San Juan Capistrano
78,112733034267,19893,765,0,149,Goleta
78,112733034267,19902,784,1,151,San Diego
78,212732673286,19889,765,0,149,Goleta
78,106532873288,19890,765,0,,Goleta
78,112732893300,19891,765,0,149,Goleta
78,106533013302,19892,765,0,,Goleta
78,212732673286,19898,784,1,151,San Diego
78,106532873288,19899,784,1,,San Juan Capistrano
78,112732893300,19900,784,1,151,San Diego
78,106533013302,19901,784,1,,San Juan Capistrano
78,112733034267,20327,790,1,151,San Diego
78,212732673286,20322,790,1,151,San Diego
78,106532873288,20323,790,1,,San Juan Capistrano
78,112732893295,20324,790,1,151,San Diego
78,106232963300,20325,790,1,151,San Diego
78,106533013302,20326,790,1,,San Juan Capistrano
78,112733034267,20537,595,0,102,Los Angeles
78,112733034267,20548,794,1,146,San Diego
78,106032683271,20531,595,0,102,Los Angeles
78,112732753286,20533,595,0,102,Los Angeles
78,106532873288,20534,595,0,,Los Angeles
78,112732893300,20535,595,0,102,Los Angeles
78,106533013302,20536,595,0,,Los Angeles
78,206032673271,20542,794,1,146,San Diego
78,206732673274,20543,794,1,147,Los Angeles
78,112732753285,20544,794,1,146,San Diego
78,106732863288,20545,794,1,147,Los Angeles
78,112732893299,20546,794,1,146,San Diego
78,106733003302,20547,794,1,147,Los Angeles
78,112733034267,21239,562,1,101,San Diego
78,112733034267,21246,573,0,102,Los Angeles
78,212732673286,21235,562,1,101,San Diego
78,106532873288,21236,562,1,,Irvine
78,112732893300,21237,562,1,101,San Diego
78,106533013302,21238,562,1,,Irvine
78,212732673286,21242,573,0,102,Los Angeles
78,112732893300,21244,573,0,102,Los Angeles
42896,112733314267,19263,5612,1,,Santa Barbara
42896,112733314267,19269,5619,0,,Las Vegas
42896,212732673329,19261,5612,1,,Santa Barbara
42896,106433303330,19262,5612,1,,Santa Barbara
42896,212732673325,19266,5619,0,,Las Vegas
42896,107233263330,19267,5619,0,,Las Vegas
42896,100733273329,19268,5619,0,,Las Vegas
25976,106032824267,21788,8205,0,,Buffalo
25976,103032764267,21796,8206,1,,Denver
25976,209532673273,21783,8205,0,,Buffalo
25976,106032753278,21786,8205,0,,Buffalo
25976,204532673268,21791,8206,1,,Denver
25976,101532703273,21794,8206,1,,Denver
42917,312732674267,7820,3624,1,,South Lake Tahoe
42917,106233314267,19273,3647,0,,Sacramento
42917,306532674267,19274,3697,0,,Sacramento
42917,206232673326,19271,3647,0,,Sacramento
42917,100633273328,19276,3697,0,,Sacramento
36926,312732674267,8158,318,0,,Chicago
36926,312732674267,8161,319,1,,Kansas City
80,306532674267,11341,350,1,52,Pontiac
80,106232794267,11344,350,1,52,Pontiac
80,200232673272,11340,350,1,52,Pontiac
80,306532674267,11362,353,0,53,Chicago
80,106232794267,11365,353,0,53,Chicago
80,200232673272,11361,353,0,53,Chicago
80,306532674267,16234,352,1,52,Pontiac
80,306232674267,16236,352,1,52,Pontiac
80,306532674267,16238,354,1,52,Pontiac
80,306232674267,16240,354,1,52,Pontiac
80,306532674267,16646,355,0,53,Chicago
80,306232674267,16647,355,0,53,Chicago
80,306532674267,21518,351,0,53,Chicago
80,306232674267,21520,351,0,53,Chicago
86,112732824267,14517,821,1,17,Fort Worth
86,112732824267,14524,822,0,18,Oklahoma City
86,212732673278,14513,821,1,17,Fort Worth
86,100232793279,14514,821,1,,Dallas
86,100132803280,14515,821,1,17,Fort Worth
86,106432813281,14516,821,1,,Dallas
86,212732673278,14520,822,0,18,Oklahoma City
86,100232793279,14521,822,0,,Oklahoma City
86,100132803280,14522,822,0,18,Oklahoma City
86,106432813281,14523,822,0,,Oklahoma City
36922,112740704267,16386,29,0,238,Chicago
36922,212732674068,16384,29,0,238,Chicago
36922,100140694069,16385,29,0,238,Chicago
36922,112740704267,21516,30,1,240,Washington
36922,212732674068,21514,30,1,240,Washington
36922,100140694069,21515,30,1,240,Washington
95,312732674267,8958,68,1,3,New York
95,312732674267,8998,69,0,4,Montreal
68,312732674267,8993,64,1,198,New York
68,306232674267,19841,63,0,,Toronto
68,306532674267,19842,63,0,,Toronto
85,307032674267,16353,80,0,177,New York
85,305732674267,16354,80,0,177,New York
85,106533024267,20613,79,1,178,Charlotte
85,106240024267,20619,79,1,178,Charlotte
85,206232673285,20607,79,1,178,Charlotte
85,206532673281,20608,79,1,178,Charlotte
85,106232863293,20609,79,1,178,Charlotte
85,106532873295,20610,79,1,178,Charlotte
85,106232963326,20611,79,1,178,Charlotte
85,100133013301,20612,79,1,178,Charlotte
85,100433273327,20614,79,1,178,Charlotte
85,106233283349,20615,79,1,178,Charlotte
85,106233523356,20616,79,1,178,Charlotte
85,103233594001,20617,79,1,178,Charlotte
85,103033603363,20618,79,1,178,Charlotte
36949,312732674267,9286,291,0,,Burlington
36949,312732674267,12844,290,1,,New York
69,112732754267,21547,89,1,103,Savannah
69,312732674267,21550,90,0,104,New York
69,212732673274,21546,89,1,103,Savannah
90,106532804267,17577,54,0,191,St Albans
90,106233524267,17595,56,0,191,St Albans
90,206532673274,17576,54,0,191,St Albans
90,100433273327,17578,54,0,191,St Albans
90,206232673272,17591,56,0,191,St Albans
90,106232753326,17592,56,0,191,St Albans
90,106233283349,17594,56,0,191,St Albans
90,106533574267,21009,57,1,190,Washington
90,206532673274,21005,57,1,190,Washington
90,106532803309,21006,57,1,190,Washington
90,106533153351,21007,57,1,190,Washington
90,100433273327,21008,57,1,190,Washington
90,106233284267,21536,55,1,190,Washington
90,206232673272,21533,55,1,190,Washington
90,106232753326,21534,55,1,190,Washington
